Gene	Median Rank	Full Ranks
UGT2B11	5.0	[13, 1, 1, 11, 3, 3, 5, 1, 135, 286, 1, 1, 7, 19, 5, 437, 16, 39, 4, 1, 21, 25, 1, 10, 12, 3, 1537, 2, 3, 1, 237, 6, 1, 1811, 7, 1, 5, 14, 83, 6, 69, 16, 10, 1, 1, 202, 1, 5, 165, 4, 110, 71, 6, 8, 1, 9, 6, 4, 61, 2, 5, 2, 7, 10, 1, 9, 3, 1, 3, 3, 16, 6, 1, 9, 3, 13, 12, 5, 3, 4, 4, 20, 2, 5, 2, 1, 185, 2, 2, 8, 15, 3, 2, 14, 1, 2, 300, 4, 5, 12]
OR52A1	5.5	[5, 2, 14, 7, 5, 7, 4, 4, 6, 10, 10, 4, 13, 4, 3, 14, 11, 5, 10, 3, 4, 12, 4, 16, 7, 7, 6, 3, 8, 2, 8, 8, 2, 9, 2, 10, 18, 6, 28, 5, 5, 2, 12, 4, 13, 5, 3, 3, 8, 14, 5, 5, 14, 10, 4, 4, 2, 4, 3, 8, 2, 6, 4, 2, 8, 8, 11, 4, 9, 10, 12, 4, 7, 107, 4, 2, 2, 2, 6, 4, 10, 8, 4, 4, 2, 5, 23, 4, 9, 6, 5, 7, 9, 8, 5, 4, 4, 5, 7, 9]
OR10H1	11.0	[4, 10, 7, 8, 10, 19, 9, 9, 16, 183, 12, 8, 10, 15, 18, 10, 13, 10, 15, 9, 9, 8, 9, 13, 20, 11, 22, 16, 11, 12, 16, 9, 19, 6, 21, 15, 7, 8, 21, 14, 11, 14, 21, 11, 8, 13, 11, 24, 14, 91, 15, 10, 13, 18, 11, 9, 10, 10, 7, 3, 14, 16, 9, 11, 6, 12, 16, 12, 9, 13, 14, 11, 11, 16, 9, 9, 265, 7, 5, 5, 4, 16, 19, 17, 4, 5, 20, 12, 13, 9, 42, 4, 11, 10, 14, 9, 11, 9, 14, 34]
HLA-DPB1	11.0	[17, 4, 8, 3, 106, 11, 5, 31, 9, 77, 68, 5, 174, 8, 9, 11, 18, 7, 9, 10, 4160, 5, 6, 10, 18, 10, 21, 11, 16, 10, 7, 6, 4, 194, 8, 4, 10, 9, 8, 5, 14, 8, 21, 14, 21, 49, 6, 11, 10, 7, 1723, 5, 6, 131, 11, 244, 118, 3, 7, 11, 6, 8, 8, 13, 39, 4, 10, 5, 4, 14, 11, 32, 26, 12, 9, 10, 8, 21, 105, 6, 14, 5, 3719, 12, 15, 48, 11, 437, 35, 17, 10, 103, 8, 23, 19, 23, 12, 17, 3, 83]
DAZ4	13.0	[32, 21, 2144, 22, 5, 23, 5, 16, 20, 64, 12, 36, 6, 4, 9, 10, 25, 4, 68, 37, 3, 542, 14, 570, 4, 20, 13, 2, 123, 21, 28, 1550, 21, 6, 24, 1437, 136, 24, 8, 109, 133, 18, 5, 8, 7, 6, 11, 5, 11, 7, 8, 9, 7, 40, 11, 12, 19, 13, 6, 7, 33, 10, 6, 10, 37, 13, 326, 8, 156, 5, 21, 9, 36, 14, 6, 39, 550, 15, 2, 7, 11, 9, 227, 43, 35, 2, 30, 8, 7, 6, 12, 7, 240, 2, 35, 29, 4, 23, 6, 7]
PDZK1	18.0	[18, 18, 12, 28, 34, 14, 195, 17, 16, 10, 48, 54, 76, 136, 15, 45, 10, 23, 10, 216, 12, 26, 27, 16, 17, 32, 9, 15, 15, 7, 14, 238, 9, 10, 14, 183, 203, 12, 24, 21, 22, 33, 79, 13, 36, 17, 11, 313, 42, 14, 25, 12, 70, 246, 10, 8, 10, 26, 12, 28, 17, 19, 28, 9, 13, 38, 9, 259, 36, 256, 16, 34, 22, 450, 64, 22, 12, 16, 147, 10, 15, 106, 17, 9, 12, 37, 15, 24, 52, 14, 12, 11, 17, 22, 294, 15, 13, 17, 63, 33]
OR2S2	19.5	[21, 34, 5525, 20, 8, 76, 25, 8, 16, 26, 18, 5, 19, 50, 24, 64, 17, 18, 1201, 9, 34, 74, 1170, 19, 39, 142, 3477, 318, 17, 11, 15, 1679, 20, 5, 46, 14, 9, 12, 12, 33, 18, 6, 15, 96, 145, 33, 20, 14, 25, 12, 539, 10, 10, 17, 11, 17, 20, 30, 17, 8, 105, 28, 9, 17, 8, 16, 9, 11, 50, 21, 22, 5, 54, 24, 14, 26, 36, 14, 19, 14, 28, 17, 21, 27, 29, 9, 34, 22, 384, 11, 551, 12, 15, 10, 19, 24, 15, 1529, 29, 15]
S100A9	26.0	[171, 30, 15, 77, 10, 5, 36, 19, 994, 18, 198, 13, 23, 270, 14, 197, 144, 16, 18, 25, 10, 6, 8, 1205, 14, 89, 32, 21, 22, 8, 24, 75, 454, 47, 10, 136, 25, 14, 58, 5, 23, 26, 181, 7, 21, 41, 122, 194, 7, 12, 8, 10, 125, 6, 178, 99, 111, 544, 37, 34, 11, 6, 36, 16, 10, 119, 38, 8, 36, 12, 12, 46, 57, 29, 102, 452, 6, 117, 26, 5, 219, 830, 42, 13, 23, 27, 16, 6, 58, 152, 33, 26, 19, 74, 48, 48, 23, 102, 13, 10]
SUPT6H	35.0	[228, 244, 42, 7, 358, 7, 44, 82, 13, 25, 82, 421, 16, 8, 25, 21, 313, 41, 65, 5, 5, 73, 538, 11, 12, 40, 10, 106, 12, 61, 66, 91, 9, 31, 33, 12, 23, 32, 344, 11, 69, 1118, 8, 92, 3622, 9, 11, 10, 31, 495, 52, 545, 6, 21, 136, 266, 69, 5, 19, 151, 267, 19, 9, 120, 20, 15, 241, 10, 17, 24, 112, 19, 44, 58, 4, 26, 17, 38, 61, 30, 66, 539, 16, 48, 55, 101, 190, 28, 1, 22, 10, 19, 39, 572, 16, 39, 136, 102, 37, 28]
COL11A1	47.5	[94, 12, 26, 83, 73, 55, 53, 183, 67, 60, 26, 101, 23, 177, 21, 126, 30, 20, 77, 89, 42, 1266, 28, 524, 24, 69, 36, 27, 224, 119, 153, 17, 76, 54, 23, 13, 22, 20, 13, 258, 451, 118, 118, 18, 28, 53, 101, 51, 115, 49, 30, 24, 60, 25, 65, 47, 82, 2490, 16, 11, 76, 41, 237, 88, 48, 30, 19, 42, 55, 30, 431, 12, 31, 96, 34, 919, 184, 318, 103, 275, 39, 14, 17, 28, 470, 78, 34, 29, 25, 29, 28, 51, 24, 26, 35, 46, 26, 35, 101, 44]
MX1	53.0	[189, 275, 283, 27, 32, 213, 224, 30, 848, 151, 882, 17, 77, 16, 201, 65, 27, 28, 239, 41, 56, 19, 181, 11, 42, 43, 2547, 15, 98, 37, 32, 40, 29, 30, 77, 608, 35, 69, 262, 24, 59, 68, 425, 161, 228, 14, 20, 27, 120, 267, 122, 51, 36, 30, 97, 14, 203, 25, 20, 19, 32, 84, 193, 40, 113, 77, 32, 28, 10, 13, 42, 60, 163, 41, 63, 75, 12, 55, 599, 102, 20, 26, 17, 63, 89, 28, 129, 162, 24, 277, 265, 168, 109, 21, 10, 10, 36, 39, 20, 56]
CPB1	67.5	[1566, 501, 12, 53, 18, 33, 92, 54, 230, 52, 115, 932, 11, 25, 15, 9, 154, 72, 91, 389, 1116, 149, 924, 15, 6, 37, 10, 126, 188, 23, 8, 165, 1368, 102, 15, 42, 520, 45, 1506, 15, 21, 18, 678, 93, 1372, 76, 9, 119, 162, 110, 9, 536, 37, 26, 1135, 55, 28, 12, 204, 75, 13, 9, 42, 11, 26, 11, 530, 163, 139, 690, 11, 8, 187, 31, 1062, 16, 642, 17, 56, 148, 30, 104, 7, 62, 85, 17, 14, 216, 347, 701, 1608, 29, 1556, 37, 1096, 506, 43, 99, 433, 63]
KCNJ1	74.0	[224, 49, 2681, 81, 77, 511, 58, 129, 896, 212, 74, 133, 57, 61, 54, 73, 3791, 62, 43, 234, 44, 161, 156, 78, 1668, 211, 40, 111, 4792, 139, 55, 39, 87, 104, 119, 56, 111, 345, 40, 52, 108, 67, 58, 60, 141, 1291, 79, 129, 54, 66, 155, 49, 80, 48, 94, 136, 132, 36, 33, 43, 579, 56, 84, 43, 70, 367, 458, 201, 356, 122, 72, 74, 135, 54, 42, 52, 47, 68, 38, 44, 50, 388, 58, 54, 131, 55, 133, 60, 133, 385, 57, 672, 37, 74, 69, 4002, 66, 46, 41, 35]
PSG6	84.5	[172, 80, 51, 32, 58, 258, 1655, 35, 188, 1391, 86, 54, 51, 142, 101, 37, 176, 128, 26, 179, 252, 39, 41, 164, 30, 76, 64, 67, 53, 135, 144, 93, 174, 130, 100, 73, 37, 38, 69, 36, 38, 85, 362, 173, 49, 50, 47, 175, 112, 107, 175, 84, 156, 122, 92, 83, 84, 85, 234, 82, 97, 46, 41, 109, 36, 86, 382, 78, 114, 28, 36, 49, 39, 76, 97, 147, 41, 79, 126, 49, 134, 38, 95, 80, 62, 123, 181, 53, 92, 121, 71, 92, 97, 49, 89, 31, 160, 145, 57, 66]
ACOX2	92.5	[38, 27, 15, 22, 61, 2195, 226, 581, 47, 493, 526, 138, 31, 21, 22, 416, 518, 379, 484, 58, 17, 40, 471, 677, 55, 865, 290, 28, 1034, 100, 18, 9, 17, 22, 46, 10, 355, 30, 173, 51, 793, 103, 32, 63, 110, 41, 64, 183, 220, 29, 65, 151, 225, 142, 2714, 438, 133, 842, 99, 86, 46, 50, 121, 33, 26, 143, 26, 62, 21, 41, 206, 65, 714, 154, 23, 5, 628, 690, 131, 174, 48, 80, 38, 1267, 700, 54, 134, 403, 292, 393, 348, 120, 157, 29, 22, 15, 31, 24, 59, 146]
HCRT	92.5	[67, 50, 178, 106, 52, 69, 90, 123, 102, 58, 102, 65, 51, 198, 165, 96, 52, 175, 133, 62, 89, 128, 73, 52, 102, 80, 185, 104, 84, 116, 156, 36, 133, 114, 124, 162, 104, 100, 100, 78, 104, 78, 60, 72, 63, 129, 625, 114, 51, 54, 127, 69, 90, 108, 40, 82, 75, 87, 95, 101, 85, 97, 112, 226, 73, 87, 114, 130, 116, 87, 124, 132, 68, 54, 76, 204, 79, 66, 71, 173, 97, 76, 146, 100, 44, 78, 150, 52, 63, 156, 103, 54, 138, 117, 82, 72, 79, 107, 74, 80]
IFNA14	94.0	[84, 66, 204, 81, 41, 147, 136, 132, 69, 101, 137, 336, 44, 30, 125, 60, 188, 119, 107, 192, 121, 1937, 86, 1609, 57, 34, 49, 151, 81, 51, 110, 76, 117, 77, 124, 1194, 124, 101, 45, 49, 51, 42, 62, 39, 51, 116, 1706, 45, 54, 462, 193, 45, 81, 142, 1680, 125, 148, 35, 81, 129, 441, 58, 914, 132, 59, 97, 45, 61, 57, 79, 37, 60, 172, 165, 139, 194, 70, 42, 180, 58, 60, 80, 892, 199, 227, 53, 91, 539, 222, 405, 69, 219, 37, 208, 73, 62, 88, 157, 76, 386]
SHBG	97.5	[90, 205, 134, 169, 54, 87, 97, 56, 144, 94, 53, 302, 215, 79, 94, 111, 149, 258, 55, 196, 271, 90, 98, 70, 121, 121, 52, 99, 72, 157, 115, 283, 51, 243, 72, 63, 73, 57, 76, 45, 104, 73, 43, 81, 156, 83, 39, 216, 77, 149, 123, 161, 62, 47, 136, 52, 96, 86, 594, 225, 79, 112, 97, 35, 119, 257, 397, 106, 68, 101, 48, 75, 74, 89, 147, 56, 179, 278, 50, 131, 181, 131, 118, 134, 75, 109, 318, 64, 539, 96, 200, 170, 44, 80, 131, 337, 70, 48, 166, 86]
MC1R	98.0	[67, 114, 121, 214, 264, 115, 116, 992, 186, 84, 226, 100, 50, 89, 74, 151, 98, 78, 66, 119, 89, 63, 108, 233, 98, 43, 97, 85, 73, 125, 122, 79, 68, 87, 147, 65, 70, 94, 168, 79, 108, 91, 163, 93, 103, 145, 118, 135, 77, 88, 49, 93, 127, 77, 261, 180, 83, 100, 3833, 81, 217, 69, 89, 70, 76, 74, 75, 122, 107, 149, 85, 338, 114, 92, 68, 88, 128, 224, 86, 66, 53, 98, 176, 241, 163, 144, 114, 136, 123, 144, 92, 129, 75, 94, 60, 81, 109, 76, 82, 200]
ISG15	99.0	[15, 313, 136, 139, 85, 49, 255, 154, 115, 57, 55, 188, 99, 91, 221, 116, 31, 55, 159, 119, 161, 107, 18, 79, 49, 25, 82, 101, 101, 90, 65, 82, 75, 57, 28, 330, 69, 73, 142, 60, 110, 127, 198, 594, 82, 144, 58, 353, 78, 318, 245, 56, 93, 76, 155, 39, 30, 143, 80, 53, 213, 137, 26, 200, 92, 173, 146, 52, 133, 56, 86, 60, 301, 187, 141, 99, 31, 220, 126, 212, 41, 218, 69, 53, 107, 109, 95, 151, 62, 126, 44, 108, 118, 68, 141, 246, 64, 36, 114, 91]
OR10H2	102.0	[209, 36, 6157, 40, 66, 34, 1861, 26, 53, 128, 58, 5764, 5835, 160, 78, 48, 4201, 1475, 53, 90, 281, 68, 51, 381, 1199, 3610, 37, 5250, 5357, 248, 222, 4671, 30, 63, 65, 4512, 6335, 20, 190, 473, 42, 2056, 1634, 56, 2301, 154, 6455, 4324, 5680, 127, 48, 18, 35, 62, 670, 58, 19, 101, 53, 968, 222, 3682, 43, 48, 628, 475, 27, 40, 51, 41, 18, 63, 45, 54, 274, 1636, 103, 1605, 22, 86, 99, 54, 371, 72, 482, 35, 3794, 42, 6008, 30, 82, 368, 6208, 29, 50, 166, 69, 312, 5318, 140]
IGHG3	105.0	[493, 53, 178, 46, 213, 57, 209, 185, 294, 12, 63, 125, 98, 151, 21, 59, 6, 92, 133, 119, 125, 140, 186, 97, 326, 35, 101, 329, 964, 14, 72, 28, 561, 82, 1152, 150, 94, 29, 22, 82, 164, 167, 316, 232, 287, 24, 275, 192, 80, 98, 22, 203, 203, 248, 189, 188, 39, 118, 47, 71, 85, 84, 508, 34, 43, 82, 57, 39, 266, 156, 81, 109, 160, 71, 31, 93, 183, 173, 157, 18, 93, 20, 29, 78, 392, 620, 164, 212, 90, 118, 98, 335, 94, 37, 153, 175, 110, 24, 232, 13]
TTYH1	105.0	[10, 129, 265, 1110, 159, 81, 212, 101, 93, 215, 27, 106, 82, 33, 25, 45, 65, 125, 50, 380, 96, 477, 14, 143, 11, 42, 295, 104, 30, 294, 91, 165, 291, 352, 329, 128, 16, 19, 91, 166, 128, 157, 115, 64, 527, 159, 114, 71, 6, 176, 31, 54, 18, 95, 106, 109, 247, 582, 623, 14, 5, 35, 253, 64, 772, 20, 17, 882, 48, 44, 270, 611, 62, 55, 37, 157, 398, 217, 87, 113, 31, 94, 32, 309, 1933, 43, 748, 61, 203, 17, 166, 68, 284, 113, 1074, 71, 112, 48, 179, 38]
TFF1	106.0	[106, 177, 25, 531, 166, 56, 340, 93, 67, 48, 530, 380, 100, 154, 166, 35, 64, 106, 276, 64, 19, 170, 64, 81, 83, 60, 288, 399, 123, 104, 527, 215, 135, 49, 225, 46, 46, 69, 308, 53, 187, 112, 230, 36, 59, 128, 187, 86, 133, 114, 57, 66, 52, 60, 162, 229, 306, 76, 354, 93, 204, 406, 71, 228, 74, 102, 88, 396, 506, 289, 88, 98, 63, 57, 80, 64, 72, 161, 106, 55, 197, 192, 203, 332, 134, 175, 35, 114, 120, 58, 18, 156, 141, 139, 27, 68, 202, 68, 51, 1378]
MAFG	110.0	[91, 156, 140, 91, 1233, 86, 166, 618, 295, 358, 98, 7, 18, 597, 565, 11, 6, 78, 22, 16, 311, 1033, 10, 187, 57, 87, 594, 180, 88, 1294, 87, 219, 14, 17, 12, 974, 2, 227, 343, 192, 61, 108, 49, 31, 114, 288, 34, 174, 58, 1123, 3721, 70, 16, 171, 126, 129, 57, 248, 54, 2031, 43, 80, 785, 1069, 78, 124, 59, 49, 107, 41, 91, 1230, 12, 374, 967, 464, 1319, 381, 179, 818, 684, 7, 21, 112, 425, 200, 60, 810, 124, 12, 76, 149, 14, 801, 14, 82, 56, 40, 129, 47]
PSG9	117.0	[85, 65, 128, 53, 294, 125, 115, 88, 84, 170, 29, 119, 49, 218, 139, 200, 102, 63, 140, 195, 131, 83, 180, 132, 86, 131, 242, 889, 174, 744, 52, 127, 598, 41, 1237, 68, 100, 521, 78, 55, 165, 212, 71, 137, 121, 86, 140, 61, 70, 191, 109, 66, 71, 60, 51, 106, 111, 126, 317, 101, 104, 78, 58, 58, 80, 122, 113, 75, 75, 216, 247, 247, 173, 120, 236, 145, 213, 86, 199, 149, 91, 83, 103, 78, 80, 89, 98, 61, 145, 67, 61, 130, 144, 199, 50, 155, 154, 140, 162, 179]
S100A8	130.5	[317, 405, 672, 153, 143, 112, 123, 64, 93, 396, 447, 60, 189, 92, 186, 90, 115, 240, 59, 33, 272, 14, 160, 34, 608, 1371, 116, 22, 45, 36, 155, 80, 37, 481, 247, 96, 91, 1763, 86, 23, 334, 155, 359, 44, 93, 110, 42, 96, 101, 131, 193, 194, 584, 80, 75, 80, 25, 118, 64, 64, 672, 360, 275, 229, 64, 33, 1396, 88, 45, 637, 69, 130, 361, 1366, 140, 311, 224, 239, 245, 345, 54, 84, 27, 39, 27, 60, 180, 493, 76, 4774, 176, 87, 476, 32, 290, 439, 2040, 202, 1382, 2033]
S100P	153.0	[69, 21, 2525, 357, 231, 5500, 138, 21, 145, 113, 488, 690, 46, 526, 84, 9, 89, 998, 1588, 212, 1714, 356, 353, 20, 28, 1068, 125, 258, 30, 3352, 166, 102, 146, 23, 400, 278, 68, 22, 22, 187, 1046, 108, 2509, 975, 216, 107, 723, 747, 39, 1464, 153, 13, 817, 252, 827, 146, 143, 967, 273, 48, 344, 338, 38, 13, 320, 285, 87, 153, 4083, 63, 108, 37, 310, 173, 41, 24, 15, 231, 917, 32, 54, 1248, 102, 26, 36, 136, 1076, 25, 260, 517, 40, 641, 151, 39, 12, 286, 134, 746, 111, 363]
NAT1	161.5	[200, 183, 327, 207, 68, 133, 1069, 364, 79, 184, 134, 276, 204, 112, 66, 99, 250, 172, 116, 163, 112, 190, 327, 36, 55, 77, 204, 297, 104, 182, 162, 132, 264, 93, 178, 329, 78, 185, 175, 73, 136, 240, 137, 136, 180, 53, 86, 63, 215, 228, 319, 154, 108, 123, 349, 146, 264, 47, 389, 243, 73, 175, 314, 118, 99, 351, 161, 138, 477, 430, 139, 414, 191, 44, 106, 398, 120, 52, 84, 328, 161, 111, 357, 98, 275, 263, 140, 179, 99, 69, 112, 241, 86, 235, 258, 203, 111, 118, 663, 69]
SLC1A1	165.0	[382, 104, 140, 165, 75, 216, 182, 108, 250, 57, 223, 441, 1265, 265, 55, 722, 267, 64, 476, 55, 1311, 816, 144, 68, 932, 299, 151, 679, 108, 1239, 126, 108, 98, 200, 89, 162, 218, 933, 70, 109, 541, 261, 380, 80, 214, 81, 235, 151, 165, 102, 161, 359, 79, 54, 690, 506, 68, 84, 172, 181, 131, 394, 84, 506, 111, 54, 77, 946, 838, 128, 74, 123, 212, 407, 132, 462, 171, 434, 3212, 127, 517, 493, 148, 161, 201, 205, 1939, 116, 160, 203, 61, 69, 50, 195, 60, 285, 154, 154, 89, 435]
GLP2R	176.0	[446, 136, 227, 388, 307, 108, 216, 177, 180, 150, 223, 207, 876, 266, 409, 115, 136, 3891, 218, 140, 200, 196, 148, 150, 377, 928, 509, 75, 131, 265, 93, 208, 112, 146, 282, 115, 70, 69, 153, 148, 133, 170, 202, 189, 148, 173, 4408, 55, 317, 67, 89, 3303, 691, 160, 139, 104, 169, 488, 203, 233, 107, 264, 219, 377, 1167, 158, 95, 315, 105, 109, 171, 170, 238, 65, 76, 176, 657, 99, 126, 134, 101, 139, 261, 185, 175, 45, 319, 51, 142, 311, 394, 195, 85, 181, 70, 233, 193, 255, 176, 379]
SMARCD1	177.5	[218, 262, 91, 219, 72, 62, 601, 172, 106, 261, 427, 168, 183, 77, 503, 171, 70, 304, 182, 67, 195, 80, 105, 113, 309, 86, 158, 244, 37, 359, 63, 496, 109, 168, 102, 309, 37, 363, 87, 398, 135, 219, 245, 26, 259, 38, 189, 55, 90, 264, 225, 378, 91, 190, 67, 309, 104, 130, 350, 123, 598, 394, 225, 419, 179, 80, 410, 313, 140, 27, 24, 480, 31, 176, 297, 226, 340, 65, 73, 304, 355, 136, 55, 102, 137, 51, 260, 430, 79, 179, 338, 134, 106, 31, 107, 294, 526, 197, 359, 271]
CYP2C8	190.5	[75, 352, 12, 267, 92, 90, 76, 179, 166, 960, 40, 421, 206, 253, 133, 158, 110, 572, 145, 60, 405, 98, 979, 87, 183, 264, 198, 67, 371, 215, 77, 178, 205, 82, 167, 228, 260, 262, 129, 180, 191, 267, 113, 217, 199, 322, 93, 146, 118, 93, 197, 84, 191, 147, 331, 252, 395, 410, 293, 148, 302, 267, 91, 68, 99, 140, 277, 321, 143, 31, 559, 238, 155, 117, 1049, 156, 270, 123, 236, 121, 190, 363, 246, 164, 70, 285, 71, 229, 74, 244, 65, 261, 531, 140, 400, 208, 383, 316, 1141, 134]
HLA-G	222.5	[12, 1912, 18, 43, 91, 81, 3373, 25, 167, 60, 4370, 4420, 23, 501, 68, 24, 15, 18, 27, 328, 499, 1164, 15, 89, 416, 1412, 596, 147, 1235, 6, 322, 69, 73, 1209, 391, 310, 118, 173, 141, 384, 48, 877, 1553, 21, 2319, 376, 16, 53, 363, 32, 351, 2499, 216, 672, 166, 225, 26, 8, 1223, 1432, 677, 43, 776, 1797, 610, 27, 412, 3111, 93, 4354, 162, 29, 484, 505, 79, 132, 839, 11, 3264, 88, 847, 59, 127, 23, 52, 1323, 104, 3143, 234, 66, 341, 1709, 1795, 486, 420, 101, 2023, 14, 638, 220]
SFRP4	241.5	[35, 211, 249, 169, 859, 156, 14, 234, 161, 234, 290, 169, 759, 68, 407, 68, 283, 115, 761, 2145, 909, 107, 1411, 493, 1760, 152, 377, 146, 414, 272, 750, 269, 42, 206, 9, 59, 3007, 1124, 486, 32, 1928, 3029, 654, 146, 127, 85, 75, 310, 364, 1387, 833, 268, 209, 312, 3227, 13, 126, 206, 1535, 117, 374, 138, 68, 613, 122, 154, 438, 69, 1185, 38, 159, 86, 296, 28, 121, 342, 41, 71, 22, 1185, 126, 62, 1108, 80, 263, 179, 66, 37, 29, 677, 2792, 398, 3793, 464, 347, 1291, 269, 1018, 139, 468]
OPN1SW	279.5	[254, 192, 264, 442, 220, 159, 762, 300, 198, 221, 216, 728, 283, 317, 245, 195, 351, 281, 459, 382, 220, 243, 360, 240, 578, 410, 297, 146, 373, 266, 2126, 381, 269, 136, 168, 583, 214, 258, 181, 397, 157, 323, 191, 224, 128, 179, 445, 302, 71, 181, 349, 132, 297, 293, 361, 156, 178, 617, 289, 370, 461, 367, 253, 1301, 228, 375, 341, 574, 484, 166, 210, 218, 314, 563, 341, 275, 278, 261, 298, 160, 217, 319, 515, 259, 300, 452, 224, 170, 127, 302, 276, 615, 454, 476, 270, 234, 117, 392, 96, 385]
GSTT1	286.5	[383, 53, 86, 325, 120, 94, 18, 90, 2525, 143, 928, 3883, 95, 423, 2886, 24, 2042, 588, 607, 1355, 146, 180, 1618, 482, 1648, 2411, 1056, 35, 1233, 70, 37, 98, 1621, 457, 166, 365, 127, 150, 2545, 576, 18, 194, 456, 106, 168, 51, 60, 262, 713, 1512, 143, 50, 57, 3619, 489, 866, 45, 3204, 58, 66, 35, 311, 489, 181, 137, 659, 134, 558, 144, 117, 84, 88, 909, 22, 2204, 3175, 19, 423, 1351, 585, 784, 70, 19, 89, 463, 19, 738, 311, 1080, 735, 426, 634, 4113, 140, 1697, 93, 157, 458, 44, 59]
IFNA4	300.5	[237, 192, 185, 458, 294, 377, 942, 566, 431, 525, 380, 865, 286, 303, 187, 114, 500, 708, 427, 736, 393, 741, 205, 284, 207, 139, 110, 300, 513, 156, 420, 629, 62, 384, 527, 233, 193, 1142, 130, 250, 665, 579, 115, 257, 213, 108, 409, 341, 159, 719, 149, 157, 285, 133, 168, 139, 276, 205, 226, 103, 441, 491, 211, 363, 469, 401, 231, 450, 200, 145, 310, 183, 395, 437, 134, 487, 186, 314, 372, 196, 518, 151, 986, 367, 122, 301, 353, 170, 512, 703, 170, 587, 207, 122, 118, 439, 420, 421, 466, 254]
SVIL	301.5	[747, 64, 429, 203, 482, 284, 1482, 76, 159, 170, 24, 90, 100, 886, 2200, 38, 849, 172, 104, 585, 179, 281, 126, 2283, 624, 833, 877, 1184, 1104, 111, 117, 188, 1631, 197, 670, 1086, 60, 2076, 2650, 125, 320, 662, 313, 519, 173, 113, 27, 281, 51, 1837, 1659, 1308, 1275, 247, 89, 1165, 105, 173, 453, 52, 1185, 444, 965, 19, 65, 1449, 129, 113, 912, 1874, 83, 1710, 405, 275, 945, 1443, 1287, 130, 890, 16, 208, 1238, 290, 1584, 504, 79, 192, 58, 1289, 509, 2192, 1548, 290, 1558, 37, 216, 200, 137, 1176, 98]
CDC42BPB	304.5	[103, 5262, 229, 229, 261, 57, 1020, 694, 56, 47, 233, 584, 621, 1817, 407, 914, 172, 694, 562, 1646, 240, 130, 185, 366, 976, 1696, 1185, 77, 95, 636, 663, 232, 74, 122, 60, 1841, 314, 189, 828, 233, 168, 567, 405, 439, 745, 194, 52, 118, 97, 748, 298, 61, 164, 129, 144, 567, 372, 573, 163, 206, 84, 1064, 316, 293, 1858, 196, 248, 352, 511, 63, 504, 1374, 731, 777, 736, 164, 152, 510, 119, 83, 1648, 530, 40, 352, 52, 609, 3069, 438, 223, 69, 161, 280, 568, 530, 272, 267, 432, 109, 311, 633]
P2RY4	308.5	[82, 132, 126, 82, 852, 3130, 3766, 1011, 80, 185, 324, 200, 168, 1010, 4897, 127, 183, 2501, 5165, 1633, 1073, 1179, 1097, 136, 828, 234, 41, 6050, 180, 311, 348, 342, 169, 174, 58, 513, 327, 139, 294, 2340, 3495, 198, 299, 538, 416, 221, 306, 5447, 4504, 1208, 183, 265, 5703, 149, 201, 74, 97, 216, 1674, 206, 5368, 632, 146, 410, 3827, 100, 4609, 220, 495, 842, 611, 416, 275, 467, 64, 298, 1089, 677, 139, 294, 274, 605, 260, 559, 220, 140, 381, 119, 4457, 185, 164, 4612, 126, 641, 255, 266, 130, 487, 367, 4422]
PRAME	309.5	[646, 364, 478, 107, 428, 240, 221, 378, 340, 2699, 311, 365, 170, 112, 460, 408, 136, 306, 226, 247, 281, 150, 206, 152, 180, 340, 308, 510, 367, 448, 96, 196, 56, 673, 93, 547, 364, 133, 453, 263, 207, 828, 289, 370, 312, 574, 244, 146, 113, 74, 356, 272, 420, 468, 1342, 262, 363, 761, 387, 834, 73, 175, 99, 58, 1051, 247, 270, 148, 405, 573, 290, 425, 86, 290, 618, 517, 119, 596, 319, 776, 202, 789, 296, 31, 137, 178, 159, 471, 107, 2305, 615, 140, 196, 470, 821, 512, 155, 332, 676, 435]
NPY1R	316.0	[791, 200, 210, 197, 74, 2547, 180, 305, 44, 302, 744, 849, 452, 54, 746, 186, 382, 288, 495, 349, 49, 272, 3349, 118, 1713, 857, 1260, 261, 69, 212, 191, 482, 184, 275, 671, 498, 76, 133, 147, 721, 638, 893, 103, 116, 115, 570, 597, 256, 300, 960, 499, 480, 135, 397, 661, 455, 969, 161, 177, 239, 669, 909, 110, 103, 1151, 461, 306, 237, 411, 1076, 359, 290, 2754, 191, 204, 442, 445, 153, 154, 291, 941, 424, 341, 324, 1152, 322, 302, 310, 213, 627, 217, 675, 1810, 678, 364, 246, 210, 148, 1825, 92]
GPLD1	340.5	[384, 227, 232, 1095, 183, 498, 438, 301, 586, 443, 575, 805, 78, 509, 320, 149, 538, 273, 329, 322, 568, 426, 354, 255, 143, 251, 319, 339, 298, 363, 358, 290, 323, 215, 290, 224, 328, 222, 1245, 330, 253, 283, 253, 199, 290, 727, 454, 317, 243, 300, 649, 342, 469, 331, 162, 223, 388, 449, 546, 344, 446, 160, 251, 445, 248, 451, 457, 304, 303, 317, 296, 278, 388, 556, 1130, 685, 619, 806, 357, 370, 273, 431, 760, 252, 493, 251, 322, 380, 1020, 417, 358, 1140, 171, 359, 488, 570, 286, 231, 655, 373]
NTF3	362.5	[154, 362, 296, 549, 320, 208, 335, 624, 395, 305, 354, 209, 114, 486, 377, 130, 493, 225, 536, 249, 1260, 389, 440, 439, 774, 408, 419, 447, 529, 501, 398, 435, 208, 328, 471, 339, 366, 557, 226, 382, 139, 623, 247, 871, 569, 494, 335, 1146, 308, 387, 176, 261, 223, 258, 642, 184, 143, 920, 380, 152, 167, 487, 145, 200, 594, 906, 696, 468, 363, 922, 300, 354, 342, 162, 427, 236, 181, 176, 355, 307, 465, 255, 413, 162, 257, 402, 252, 229, 342, 853, 207, 311, 810, 465, 466, 471, 397, 235, 1161, 131]
PIP	398.5	[143, 588, 254, 1226, 132, 359, 290, 175, 280, 4390, 609, 268, 383, 444, 447, 2286, 1705, 35, 186, 1679, 326, 1226, 828, 48, 1731, 425, 2079, 3690, 195, 107, 1821, 136, 1181, 138, 1298, 1684, 102, 246, 650, 271, 203, 55, 216, 273, 236, 4924, 178, 537, 394, 69, 510, 28, 223, 2238, 303, 133, 285, 854, 446, 1068, 2392, 253, 2703, 726, 15, 123, 1090, 709, 569, 403, 823, 521, 647, 91, 203, 528, 43, 816, 289, 131, 213, 808, 249, 909, 1909, 3100, 150, 2521, 188, 18, 13, 568, 703, 23, 484, 486, 1413, 35, 3260, 387]
RAB11A	424.5	[198, 653, 793, 340, 95, 1249, 768, 515, 884, 556, 675, 1618, 242, 766, 628, 790, 1119, 253, 216, 334, 546, 2330, 863, 5446, 2237, 845, 385, 199, 138, 981, 312, 563, 2035, 290, 164, 223, 202, 169, 553, 234, 360, 154, 221, 128, 1831, 167, 23, 1238, 499, 126, 149, 362, 464, 658, 861, 450, 324, 134, 742, 203, 254, 568, 378, 471, 305, 160, 214, 177, 52, 399, 1106, 234, 131, 1898, 23, 539, 455, 624, 124, 254, 800, 254, 547, 355, 246, 1064, 299, 471, 568, 458, 925, 111, 552, 1127, 101, 22, 1278, 388, 855, 470]
PZP	430.5	[135, 2666, 138, 707, 435, 1100, 113, 108, 1314, 289, 130, 215, 146, 552, 128, 168, 3187, 610, 168, 5576, 227, 847, 218, 535, 266, 170, 557, 129, 6078, 300, 112, 3853, 1042, 507, 119, 4652, 122, 1710, 2708, 714, 285, 2428, 147, 374, 2319, 4428, 134, 203, 199, 155, 5798, 340, 426, 231, 5228, 276, 1701, 165, 201, 1957, 959, 390, 937, 106, 5024, 4289, 160, 269, 128, 246, 3190, 200, 642, 1419, 4335, 805, 3465, 5443, 5313, 1166, 2949, 2322, 200, 308, 2421, 155, 150, 291, 3469, 740, 4839, 75, 635, 249, 3789, 146, 130, 3254, 4639, 265]
SST	431.0	[362, 366, 422, 318, 571, 372, 399, 345, 336, 699, 307, 951, 462, 284, 316, 426, 804, 499, 708, 719, 623, 667, 414, 270, 358, 514, 389, 472, 550, 399, 512, 273, 477, 314, 429, 177, 1253, 456, 558, 316, 448, 360, 303, 504, 388, 499, 433, 353, 338, 373, 779, 645, 316, 462, 698, 570, 481, 226, 871, 591, 692, 403, 399, 319, 760, 474, 384, 735, 510, 298, 346, 568, 719, 343, 406, 628, 291, 333, 1271, 471, 636, 437, 362, 1097, 418, 453, 366, 358, 308, 571, 665, 865, 295, 1099, 333, 368, 417, 515, 301, 725]
ESR1	440.5	[641, 919, 1104, 280, 259, 1229, 120, 609, 43, 914, 286, 1935, 452, 48, 50, 625, 452, 246, 649, 148, 1094, 197, 747, 597, 866, 1110, 435, 21, 72, 260, 550, 75, 31, 193, 465, 940, 405, 443, 456, 616, 438, 157, 425, 144, 1197, 690, 257, 571, 196, 514, 559, 2172, 279, 1001, 692, 1830, 334, 1028, 879, 241, 269, 151, 179, 19, 436, 348, 340, 365, 159, 233, 228, 148, 34, 447, 827, 1844, 627, 1035, 1585, 2261, 774, 448, 266, 325, 362, 418, 757, 345, 910, 1021, 758, 795, 107, 427, 2034, 587, 57, 393, 20, 1031]
TAT	458.5	[325, 138, 333, 327, 133, 1180, 813, 626, 304, 4410, 1597, 2065, 745, 2786, 34, 1086, 89, 42, 920, 220, 360, 116, 3692, 942, 100, 909, 445, 203, 514, 461, 229, 440, 1585, 594, 520, 2371, 456, 910, 54, 317, 73, 943, 839, 1137, 115, 1123, 102, 1462, 4, 161, 2707, 3207, 106, 4894, 1929, 1961, 29, 162, 334, 290, 3180, 337, 1672, 440, 1034, 402, 630, 1074, 159, 996, 1271, 155, 2300, 615, 3992, 1226, 631, 1926, 543, 192, 158, 772, 19, 365, 670, 319, 127, 250, 90, 424, 157, 70, 288, 88, 24, 3573, 543, 207, 2247, 710]
NOVA1	495.5	[239, 540, 125, 377, 595, 1352, 620, 155, 509, 1118, 213, 227, 428, 194, 335, 376, 176, 907, 585, 473, 765, 751, 1417, 235, 167, 328, 790, 249, 223, 569, 300, 369, 555, 925, 1207, 773, 174, 467, 993, 492, 762, 690, 138, 613, 305, 647, 890, 484, 421, 609, 755, 677, 6174, 396, 880, 347, 1583, 564, 653, 2839, 470, 623, 750, 562, 2595, 849, 305, 396, 239, 240, 714, 408, 615, 674, 168, 440, 109, 1275, 733, 1038, 431, 262, 402, 679, 499, 409, 402, 473, 339, 396, 1428, 278, 531, 778, 1301, 295, 318, 528, 254, 450]
KCNMB3	528.5	[784, 1582, 762, 320, 443, 1117, 203, 404, 366, 492, 1404, 278, 438, 763, 149, 386, 380, 1226, 187, 304, 514, 414, 934, 610, 467, 1267, 906, 891, 249, 336, 109, 519, 390, 878, 267, 292, 464, 540, 395, 770, 438, 1170, 1174, 4594, 555, 191, 480, 189, 373, 597, 216, 164, 990, 632, 1038, 589, 306, 2006, 1070, 268, 676, 1056, 303, 319, 538, 634, 732, 858, 401, 243, 666, 743, 676, 179, 1093, 353, 351, 440, 470, 347, 237, 310, 1527, 609, 818, 662, 836, 757, 392, 275, 676, 355, 669, 433, 636, 952, 681, 782, 561, 756]
ZNF214	533.5	[295, 525, 200, 699, 752, 491, 348, 171, 1795, 72, 845, 89, 532, 218, 1084, 637, 1514, 545, 384, 532, 81, 501, 771, 404, 389, 561, 788, 875, 1292, 1773, 535, 470, 226, 513, 374, 1101, 289, 645, 848, 606, 1252, 1114, 778, 256, 677, 593, 821, 474, 831, 615, 331, 505, 330, 423, 288, 709, 414, 217, 1695, 146, 855, 416, 394, 931, 249, 667, 844, 420, 291, 1468, 378, 691, 852, 1943, 218, 586, 876, 191, 265, 612, 449, 216, 640, 500, 252, 224, 977, 379, 996, 1027, 809, 1416, 550, 353, 947, 1021, 450, 3344, 118, 346]
TFF3	559.0	[345, 196, 836, 460, 836, 1090, 722, 657, 900, 571, 225, 229, 882, 675, 132, 346, 1657, 565, 361, 1583, 1747, 609, 458, 619, 356, 196, 273, 84, 276, 331, 83, 800, 227, 666, 632, 610, 360, 1479, 1308, 348, 1045, 108, 119, 380, 373, 658, 195, 194, 1454, 654, 226, 1281, 529, 1321, 280, 336, 270, 510, 1240, 690, 1714, 211, 134, 147, 989, 288, 119, 1811, 1219, 1155, 1073, 89, 207, 508, 560, 623, 397, 2209, 872, 860, 380, 709, 655, 116, 916, 558, 1196, 549, 1464, 1006, 319, 1029, 192, 476, 313, 620, 1854, 535, 410, 697]
CALM2	594.0	[5139, 1025, 708, 362, 480, 545, 1251, 913, 53, 1860, 84, 64, 134, 151, 1785, 200, 3263, 751, 725, 61, 550, 194, 882, 2187, 945, 1285, 3597, 740, 211, 60, 476, 338, 103, 34, 265, 1931, 328, 285, 249, 2263, 102, 3789, 25, 882, 258, 2500, 124, 58, 390, 1165, 78, 1029, 1396, 2303, 2381, 2784, 151, 3183, 683, 531, 1527, 708, 1575, 490, 3601, 320, 643, 773, 377, 512, 196, 99, 1460, 36, 782, 470, 3071, 1440, 2932, 234, 863, 64, 260, 169, 42, 1432, 4661, 356, 3733, 1023, 1115, 93, 353, 3181, 171, 2338, 638, 337, 136, 1239]
IFI27	653.5	[1306, 487, 1242, 479, 743, 915, 287, 870, 1935, 858, 341, 794, 277, 641, 725, 219, 894, 987, 1157, 1735, 2049, 516, 1069, 268, 838, 1318, 966, 476, 342, 660, 706, 1054, 590, 555, 3347, 1053, 1555, 334, 658, 612, 229, 413, 478, 377, 1363, 370, 790, 255, 745, 1387, 412, 518, 575, 686, 373, 320, 711, 554, 279, 165, 290, 348, 773, 863, 414, 1526, 649, 875, 388, 526, 326, 637, 815, 1011, 511, 990, 1466, 682, 1594, 221, 531, 462, 452, 722, 517, 1106, 540, 736, 557, 1382, 409, 666, 458, 1331, 734, 612, 1878, 551, 325, 690]
TFR2	699.0	[461, 1200, 653, 1507, 657, 2147, 488, 681, 605, 1133, 977, 526, 1033, 491, 433, 1368, 831, 697, 702, 842, 527, 1315, 621, 963, 4701, 847, 675, 1709, 3316, 480, 730, 623, 785, 655, 450, 1165, 603, 693, 490, 408, 1533, 555, 515, 401, 1693, 832, 379, 558, 445, 553, 649, 720, 1217, 517, 2303, 412, 1038, 493, 499, 553, 369, 1724, 462, 802, 1064, 1208, 1079, 559, 684, 419, 576, 1461, 714, 639, 801, 511, 338, 2274, 927, 1052, 1117, 1140, 1291, 443, 493, 541, 318, 1920, 865, 699, 481, 1014, 1131, 539, 818, 981, 952, 875, 1152, 699]
MAS1	702.0	[705, 491, 480, 986, 510, 499, 4197, 868, 567, 1625, 1565, 4946, 458, 1383, 1276, 215, 1266, 1236, 3076, 1024, 1623, 116, 198, 186, 1938, 469, 263, 3451, 264, 835, 148, 92, 573, 1261, 2037, 1897, 1463, 328, 4274, 1468, 4095, 535, 3408, 631, 68, 4663, 1598, 507, 973, 1344, 84, 49, 254, 469, 278, 480, 5636, 965, 244, 774, 220, 1562, 199, 496, 353, 34, 45, 699, 426, 522, 3066, 251, 421, 105, 139, 509, 1151, 210, 1270, 5009, 415, 3773, 578, 309, 647, 5211, 176, 727, 2185, 867, 4349, 6443, 5557, 627, 2014, 1315, 2662, 295, 1048, 4544]
SFRP5	721.5	[4875, 204, 940, 125, 779, 5857, 113, 587, 40, 162, 4265, 4217, 4196, 1229, 379, 2477, 713, 518, 4860, 637, 549, 126, 424, 181, 683, 2891, 3974, 183, 364, 4512, 106, 1976, 50, 5244, 1935, 119, 122, 81, 5241, 4853, 143, 79, 872, 59, 5184, 5103, 163, 311, 166, 122, 542, 75, 341, 172, 147, 818, 3165, 5223, 4470, 107, 952, 2704, 4548, 700, 231, 4323, 490, 105, 728, 3558, 1745, 5239, 1867, 27, 64, 208, 3204, 43, 2782, 997, 2725, 715, 263, 106, 3923, 5810, 1061, 4726, 167, 3850, 1139, 1694, 2379, 120, 4020, 1438, 2933, 424, 5240, 33]
SLC26A6	827.0	[1543, 612, 2252, 746, 1704, 416, 596, 455, 151, 2114, 1052, 1922, 1526, 1933, 1200, 557, 1028, 424, 430, 1361, 733, 375, 695, 942, 785, 1418, 1032, 388, 1793, 920, 375, 417, 1402, 1273, 531, 503, 946, 634, 264, 394, 978, 599, 1008, 1600, 278, 765, 1264, 515, 994, 93, 1476, 322, 309, 2820, 238, 839, 668, 270, 401, 928, 683, 2732, 2511, 997, 3270, 1552, 3038, 2016, 567, 1351, 1023, 1061, 815, 519, 1201, 1816, 680, 1248, 1233, 878, 253, 583, 714, 415, 869, 1032, 1031, 1552, 1539, 762, 1176, 706, 605, 859, 739, 334, 724, 750, 407, 265]
ICAM2	950.5	[891, 1116, 3702, 1707, 1138, 918, 582, 437, 936, 1441, 448, 1399, 124, 1079, 388, 1008, 1686, 1411, 1926, 158, 335, 515, 680, 1717, 557, 1176, 543, 1814, 2377, 208, 138, 1036, 1386, 854, 1599, 1305, 2128, 1036, 781, 636, 752, 243, 1162, 1224, 626, 264, 782, 1723, 697, 691, 252, 1876, 1239, 1462, 480, 62, 348, 283, 862, 1453, 665, 1677, 628, 173, 237, 645, 2038, 1697, 1154, 1181, 1271, 1615, 528, 333, 1761, 949, 903, 105, 1660, 1314, 760, 942, 1434, 1202, 1829, 418, 459, 512, 2264, 952, 1133, 526, 1567, 397, 117, 1921, 1014, 1343, 1128, 1334]
KCNIP1	1046.0	[1025, 970, 1899, 5131, 227, 3744, 651, 1916, 1695, 545, 3310, 588, 2516, 2772, 466, 815, 1056, 1508, 1005, 2465, 1389, 628, 1036, 1661, 606, 2072, 2580, 301, 407, 307, 3790, 2413, 321, 4970, 256, 597, 147, 307, 4143, 286, 1553, 1847, 1757, 1112, 133, 586, 2691, 3266, 2257, 377, 483, 493, 407, 282, 1324, 3605, 4559, 106, 2635, 162, 4307, 227, 1698, 1154, 1971, 250, 2374, 4858, 972, 2746, 2571, 798, 616, 157, 1408, 461, 488, 209, 853, 616, 463, 171, 121, 4654, 2114, 917, 410, 3109, 3156, 249, 1591, 1192, 4012, 890, 1340, 3231, 164, 2967, 2064, 468]
LRPAP1	1084.0	[723, 2225, 4475, 327, 3121, 686, 977, 1530, 925, 1158, 3216, 873, 527, 440, 2414, 2150, 1392, 1759, 13, 49, 913, 540, 530, 5780, 1031, 895, 3554, 3983, 239, 1767, 2813, 3240, 447, 849, 3802, 456, 791, 1298, 719, 904, 1191, 1439, 1477, 2096, 528, 2516, 36, 187, 1194, 751, 717, 1196, 2373, 1137, 640, 144, 2610, 374, 1366, 802, 496, 1535, 1159, 972, 3113, 612, 779, 3246, 92, 5892, 1841, 100, 251, 1163, 1369, 2809, 1618, 512, 26, 19, 668, 1668, 1894, 313, 5385, 1941, 1379, 332, 201, 3848, 1392, 594, 1220, 64, 2187, 1258, 432, 4128, 295, 868]
VAPB	1122.5	[977, 2089, 2118, 894, 1835, 1066, 1091, 624, 1734, 1827, 754, 909, 745, 1276, 1080, 1308, 549, 1907, 865, 1399, 172, 482, 1561, 889, 1858, 1980, 529, 1193, 1090, 1369, 1443, 1068, 884, 778, 1463, 704, 717, 419, 411, 1639, 469, 1893, 1225, 1679, 577, 1588, 687, 1463, 890, 1991, 915, 1274, 1343, 1719, 846, 2212, 1018, 912, 1347, 437, 1449, 834, 946, 267, 2360, 2127, 895, 2935, 2232, 1426, 2996, 1421, 1221, 1014, 1642, 944, 470, 1992, 812, 872, 4187, 928, 2061, 1658, 592, 1241, 784, 581, 1490, 558, 755, 2034, 847, 2681, 944, 1537, 1626, 1396, 1154, 722]
SEC24D	1129.0	[474, 887, 936, 928, 1471, 1451, 697, 1686, 966, 1204, 1336, 541, 1072, 418, 3819, 1081, 509, 2226, 442, 1027, 1244, 836, 950, 374, 2404, 2500, 2470, 1959, 410, 1118, 1321, 1274, 620, 520, 4321, 215, 864, 710, 523, 506, 966, 933, 811, 1506, 859, 580, 1482, 917, 1554, 984, 1285, 881, 2476, 1271, 930, 846, 1397, 1534, 911, 4214, 882, 1165, 1022, 1150, 1461, 1140, 2334, 1809, 1798, 3175, 4103, 1628, 1847, 1273, 2061, 1500, 3098, 1414, 1295, 6318, 1280, 913, 1553, 1573, 957, 847, 3375, 985, 2166, 633, 1402, 899, 599, 439, 527, 200, 1541, 560, 641, 1436]
CD37	1145.0	[1474, 1359, 1113, 1193, 638, 265, 669, 2318, 1390, 1737, 797, 474, 1173, 558, 2034, 1273, 828, 247, 317, 1116, 764, 3491, 1588, 1049, 264, 982, 2473, 25, 549, 1552, 700, 1006, 3375, 1642, 293, 57, 2863, 2924, 672, 414, 546, 1815, 742, 2942, 2188, 1159, 2655, 1050, 1737, 829, 4573, 2228, 2207, 756, 238, 1153, 2693, 148, 3042, 1295, 392, 3583, 1292, 276, 457, 1137, 336, 480, 1388, 1422, 643, 1011, 2568, 447, 686, 1631, 830, 1001, 1197, 912, 625, 1485, 2643, 2728, 439, 735, 1674, 2099, 1249, 2587, 2415, 2090, 2163, 880, 1649, 1374, 1003, 4820, 130, 368]
RBP1	1155.5	[1413, 289, 1758, 2800, 5264, 216, 2334, 663, 105, 2753, 73, 1165, 5770, 1146, 1631, 2941, 138, 3629, 760, 403, 2363, 2161, 4631, 108, 2541, 3632, 2681, 1832, 2784, 317, 3949, 143, 5243, 756, 348, 4265, 208, 483, 609, 401, 3656, 3868, 2111, 2322, 1943, 2720, 2913, 425, 211, 422, 1700, 2183, 721, 57, 694, 1112, 1288, 745, 624, 1540, 2470, 110, 5292, 362, 781, 693, 4248, 997, 559, 452, 164, 3055, 252, 1923, 2570, 1676, 301, 376, 1916, 3065, 4794, 994, 523, 3676, 1054, 864, 3382, 553, 1638, 124, 814, 107, 1041, 312, 3420, 2132, 1854, 207, 1209, 942]
SMARCB1	1206.0	[1014, 2755, 831, 1251, 72, 2801, 515, 2290, 551, 2120, 3035, 3145, 1310, 3684, 2287, 1170, 3508, 392, 3265, 2186, 2258, 1624, 2623, 549, 1043, 145, 69, 1922, 349, 832, 647, 1389, 323, 3408, 733, 92, 790, 1062, 924, 2929, 933, 1297, 1412, 1715, 277, 906, 3163, 389, 777, 1376, 149, 4226, 536, 1775, 1284, 2163, 1166, 2742, 2072, 1235, 995, 184, 2355, 2202, 848, 802, 314, 2674, 854, 1778, 3031, 1646, 1534, 195, 197, 559, 2342, 319, 488, 2664, 1634, 46, 3259, 189, 455, 1295, 348, 1177, 483, 137, 426, 2922, 2219, 649, 3834, 257, 1641, 1804, 3293, 1165]
CHRNB3	1220.0	[707, 4800, 959, 994, 480, 202, 1017, 1615, 1029, 493, 1699, 1175, 2941, 713, 3742, 1107, 1066, 6301, 999, 477, 830, 2490, 2065, 1186, 523, 3624, 1654, 1132, 3684, 2390, 1241, 852, 849, 837, 1305, 1300, 502, 971, 1266, 449, 1014, 551, 1012, 2046, 1877, 678, 1506, 1247, 1428, 1993, 1464, 2261, 515, 5494, 829, 4409, 1324, 1041, 1011, 2964, 792, 1009, 1877, 1999, 179, 3811, 2223, 528, 889, 2608, 265, 3041, 1713, 1491, 5926, 544, 2614, 1217, 1369, 560, 739, 1384, 5437, 1677, 4902, 5581, 858, 1458, 3723, 2609, 1243, 864, 446, 1223, 329, 872, 1811, 1055, 159, 678]
C4A	1263.0	[1599, 6068, 141, 772, 4191, 1062, 2916, 575, 541, 1297, 1846, 4881, 1076, 1091, 1908, 2025, 680, 3034, 5713, 2122, 846, 535, 1126, 1995, 3622, 1863, 570, 4253, 808, 2309, 6038, 272, 927, 437, 5841, 1080, 1284, 1153, 208, 58, 1242, 145, 471, 2660, 3123, 839, 501, 3394, 1050, 2734, 4943, 927, 4552, 1279, 1187, 5267, 424, 4124, 4079, 299, 2675, 248, 176, 1975, 2738, 1231, 4080, 190, 1247, 1582, 3321, 363, 1631, 4389, 275, 993, 331, 1498, 1537, 523, 313, 593, 872, 1221, 548, 5180, 356, 6186, 1951, 4008, 241, 1906, 4437, 964, 1343, 2295, 2675, 174, 5509, 502]
AMPD2	1303.5	[1139, 1290, 997, 2252, 1663, 2082, 1337, 1410, 1187, 1960, 638, 1422, 498, 1580, 1058, 3879, 450, 3137, 1461, 1477, 1898, 1122, 758, 995, 3335, 1039, 802, 1468, 2052, 1673, 1650, 449, 1917, 1272, 1363, 1147, 1305, 1423, 1316, 463, 432, 1059, 1423, 1539, 1137, 2166, 1430, 661, 1192, 661, 1235, 1852, 1905, 2567, 2854, 1640, 1380, 2275, 1786, 906, 1082, 1411, 1526, 2601, 1674, 1182, 1839, 749, 1100, 800, 2088, 1111, 1314, 941, 1543, 1252, 883, 1289, 1302, 1416, 588, 703, 1064, 1114, 1388, 1759, 1136, 1197, 476, 1096, 974, 1434, 911, 495, 1097, 1812, 1252, 1389, 1470, 1124]
KCNAB1	1323.0	[748, 2001, 1836, 1324, 906, 1055, 1186, 3398, 659, 2751, 694, 1831, 1511, 2149, 2689, 1362, 1064, 1777, 611, 1182, 1866, 1736, 2379, 687, 1322, 1603, 1009, 1687, 1265, 1893, 1002, 869, 1283, 955, 790, 1040, 1246, 1666, 1684, 1546, 1450, 1559, 1380, 1386, 658, 1160, 1640, 1095, 2260, 1471, 1912, 1360, 1038, 1134, 1113, 1635, 1178, 711, 1505, 958, 881, 1257, 1212, 680, 765, 800, 3945, 1220, 1092, 1352, 1550, 2819, 1333, 2636, 1759, 1193, 1713, 1759, 1590, 815, 2303, 1280, 1718, 3216, 1391, 689, 1136, 555, 501, 2043, 1201, 1422, 1430, 1200, 1055, 1076, 1174, 1737, 1077, 1931]
ERBB2	1394.0	[1017, 1491, 735, 3312, 501, 384, 2529, 2338, 1143, 1404, 1881, 2843, 1987, 2791, 126, 299, 1129, 3333, 993, 1293, 2986, 855, 972, 828, 2792, 1402, 1591, 1258, 498, 3437, 2090, 2187, 999, 3671, 259, 3877, 999, 999, 1818, 744, 661, 292, 1321, 1728, 532, 3203, 1072, 816, 2681, 881, 689, 1115, 2454, 2496, 281, 773, 1934, 1663, 955, 881, 439, 1603, 1899, 1118, 1386, 2301, 4003, 786, 986, 2460, 3604, 1491, 2515, 1013, 2404, 3991, 1782, 744, 727, 2907, 1718, 1142, 613, 578, 462, 2229, 3404, 1567, 2674, 1949, 1852, 3529, 909, 2637, 1059, 1273, 1238, 1516, 1217, 2242]
RFPL3	1394.0	[289, 6298, 1406, 25, 1656, 1845, 6409, 1393, 6317, 6401, 35, 5630, 6375, 92, 844, 2048, 43, 363, 5517, 804, 5405, 278, 197, 45, 142, 6094, 849, 6325, 1841, 723, 2224, 942, 126, 347, 137, 79, 5603, 283, 1019, 1617, 42, 16, 47, 1165, 508, 21, 80, 759, 3642, 6040, 4940, 6322, 1947, 5663, 405, 3975, 5273, 6077, 6145, 88, 6457, 179, 6452, 108, 6292, 6482, 2557, 107, 817, 914, 1320, 4232, 1403, 3929, 397, 6480, 120, 458, 39, 717, 3953, 148, 6350, 149, 6263, 1010, 717, 3874, 6464, 3625, 6479, 2328, 6292, 5421, 416, 1395, 3910, 300, 2891, 584]
PTAFR	1412.5	[1267, 2181, 2717, 540, 2814, 795, 218, 702, 1243, 758, 3189, 1847, 3443, 2236, 975, 1822, 1429, 979, 768, 4253, 3523, 4868, 1598, 1342, 798, 3644, 610, 2186, 3369, 776, 1268, 450, 2524, 2139, 429, 616, 5066, 1877, 1249, 2408, 2620, 3615, 3082, 1942, 1696, 656, 1794, 629, 1056, 1253, 2665, 1305, 1766, 1032, 775, 1996, 2050, 2985, 1205, 1330, 1319, 826, 3372, 1568, 1358, 768, 1094, 832, 1488, 728, 2497, 672, 1820, 3772, 688, 2735, 2149, 1435, 1160, 5107, 1396, 405, 1140, 1599, 559, 963, 582, 1151, 3009, 1719, 513, 3115, 1791, 3179, 1833, 1351, 926, 1164, 295, 1963]
GRIN2A	1452.5	[2287, 1382, 1127, 1826, 652, 1551, 2898, 2759, 1702, 975, 2444, 2225, 1355, 775, 1226, 1824, 1896, 1250, 1672, 1559, 1947, 1468, 1067, 2242, 935, 1064, 1499, 915, 1271, 836, 1153, 1188, 2282, 1800, 1713, 955, 1644, 2034, 1533, 1387, 1879, 2549, 1518, 727, 880, 1070, 930, 1351, 1485, 1364, 3016, 334, 1478, 840, 780, 1077, 1830, 823, 1849, 703, 2770, 993, 2654, 821, 1440, 2014, 1557, 975, 1951, 1494, 1285, 1240, 762, 1720, 1784, 1280, 4359, 2055, 653, 1611, 1465, 2373, 1221, 2557, 1310, 667, 2786, 1387, 1887, 833, 1284, 2339, 3664, 861, 1200, 3516, 1712, 1229, 1309, 1161]
KRT19	1475.0	[407, 2303, 3653, 1981, 613, 2727, 1087, 616, 414, 706, 181, 419, 437, 2443, 714, 2115, 3689, 2747, 1623, 2335, 552, 2581, 4844, 1654, 477, 1814, 2274, 3297, 994, 567, 3022, 25, 1247, 1679, 2252, 1321, 1228, 371, 1853, 749, 3493, 1893, 557, 1676, 1079, 5997, 1613, 2042, 1312, 1388, 406, 1079, 763, 1593, 85, 1237, 745, 2183, 2968, 262, 3441, 1224, 4047, 3296, 722, 3073, 317, 207, 525, 3921, 1314, 4325, 1546, 169, 3729, 2393, 5309, 4269, 252, 642, 1693, 1565, 4250, 2740, 3689, 413, 356, 238, 125, 3431, 697, 1035, 3483, 1404, 57, 182, 3381, 1993, 122, 1863]
BCL7B	1522.5	[769, 648, 125, 4866, 1234, 2081, 1045, 580, 735, 563, 1953, 4535, 1362, 1488, 1812, 650, 3191, 2013, 3322, 2866, 1625, 638, 1771, 516, 902, 944, 956, 3474, 1302, 3743, 4459, 3424, 3626, 1042, 927, 1303, 1272, 5490, 3548, 2027, 492, 1316, 783, 1624, 1144, 1363, 1613, 587, 1699, 936, 2234, 1066, 1776, 697, 445, 3247, 4140, 2484, 1035, 586, 1073, 2622, 2139, 999, 338, 937, 1848, 5263, 2876, 4912, 2566, 891, 1242, 1610, 3353, 3802, 1487, 1557, 437, 2370, 1208, 306, 5029, 147, 2149, 2144, 6256, 825, 486, 387, 3370, 3795, 2791, 2412, 1076, 1681, 2771, 845, 4909, 1057]
MYO5B	1558.5	[355, 530, 1862, 2917, 567, 1650, 432, 2036, 348, 1537, 958, 4374, 2657, 1222, 1472, 845, 2191, 2180, 199, 110, 2475, 456, 2500, 1675, 1617, 1399, 1451, 409, 217, 1287, 2132, 1536, 1316, 2113, 124, 2522, 764, 2183, 5069, 2219, 2883, 338, 1143, 1043, 747, 4749, 1537, 847, 1782, 5489, 414, 850, 1580, 4833, 597, 1513, 736, 1929, 1973, 2467, 366, 4093, 2357, 808, 2058, 1866, 2977, 245, 1640, 1082, 2256, 2259, 421, 2383, 206, 4161, 842, 2161, 1525, 4671, 1463, 1216, 3584, 1868, 1107, 1829, 655, 585, 246, 733, 1809, 2107, 3457, 5317, 1849, 1989, 3315, 104, 1766, 1149]
REC8	1715.0	[1661, 575, 2109, 4580, 5775, 999, 2774, 509, 4603, 4264, 1481, 1555, 3304, 1158, 3211, 1458, 190, 918, 2166, 2905, 1879, 2764, 1232, 567, 1175, 2095, 1356, 797, 929, 2719, 4216, 825, 2179, 2933, 508, 5043, 5366, 2532, 4967, 2986, 700, 884, 4544, 2493, 768, 1141, 291, 2557, 448, 846, 2433, 1473, 2363, 2834, 211, 1262, 218, 2534, 2469, 626, 1137, 1678, 3231, 1201, 1601, 1256, 193, 783, 631, 5753, 3154, 1580, 4655, 2016, 3409, 1752, 3105, 1535, 4280, 1864, 2211, 1652, 4506, 910, 5238, 1471, 4262, 1075, 4124, 155, 1445, 527, 1948, 190, 2908, 3476, 4015, 5334, 312, 347]
MYB	1802.0	[2664, 2723, 1461, 2434, 1123, 818, 2785, 1336, 2490, 1589, 1459, 1412, 1119, 1988, 1829, 1796, 815, 1514, 1361, 1176, 2444, 1794, 1854, 3117, 2815, 2028, 1377, 2144, 2000, 3128, 1480, 1073, 1053, 1166, 1108, 2356, 1808, 855, 1127, 1231, 2524, 2626, 2535, 1368, 1532, 1713, 814, 1169, 2935, 2057, 1153, 905, 988, 1764, 2134, 846, 2694, 1936, 1245, 1343, 2405, 1875, 1997, 1736, 1859, 2043, 1747, 1097, 1188, 2646, 2124, 2245, 1647, 2786, 3308, 975, 1650, 622, 2448, 3270, 2328, 2091, 1475, 1421, 1823, 2553, 2450, 2119, 1972, 2674, 1093, 2147, 1503, 1878, 3085, 1532, 1859, 2221, 1274, 1326]
MYO5A	1815.0	[2623, 1471, 1576, 605, 3056, 271, 909, 2213, 1911, 713, 2578, 2486, 3079, 1776, 1451, 2440, 2448, 1583, 1336, 1977, 1701, 2458, 2255, 1170, 1813, 3462, 1910, 2200, 2809, 2276, 2407, 847, 1453, 2092, 1792, 2259, 767, 1798, 2215, 1739, 2178, 604, 1771, 1845, 2300, 1721, 2154, 1909, 1620, 471, 2757, 1784, 2307, 1022, 510, 2811, 1326, 1703, 1116, 2122, 1717, 2359, 2549, 2430, 2366, 2445, 1786, 2457, 2268, 1235, 2417, 1649, 856, 1229, 779, 1802, 1608, 2161, 2290, 2568, 1550, 2271, 1269, 2223, 2226, 1513, 612, 790, 1493, 1747, 3042, 1163, 1817, 780, 2118, 2719, 1994, 1397, 1235, 3029]
LCP1	1833.5	[2884, 4778, 29, 5294, 4787, 4420, 288, 4204, 5504, 88, 72, 3818, 5155, 2088, 3324, 207, 5606, 214, 1959, 1598, 2742, 3144, 160, 48, 3399, 2421, 997, 720, 5978, 5456, 1302, 2784, 2725, 1830, 4504, 2705, 423, 4463, 142, 1754, 2519, 695, 1302, 102, 6251, 445, 618, 991, 634, 270, 1228, 6071, 174, 53, 3383, 3012, 500, 14, 98, 5110, 4203, 3192, 7, 72, 272, 1862, 262, 1261, 626, 4580, 3114, 44, 3775, 411, 6171, 722, 144, 754, 877, 2870, 3371, 108, 6464, 178, 2695, 2140, 1837, 520, 2773, 3261, 264, 2911, 2328, 94, 3016, 165, 3789, 69, 777, 5963]
KRT1	1978.0	[111, 2005, 2503, 5049, 351, 2030, 274, 167, 216, 1522, 3336, 4080, 4779, 3095, 1756, 5748, 5872, 6099, 1397, 3990, 4980, 5322, 1524, 4536, 2670, 4839, 218, 2668, 829, 2053, 1830, 622, 1783, 1405, 1181, 393, 92, 5021, 573, 1661, 5224, 3372, 472, 1190, 1095, 69, 1820, 1973, 4947, 2746, 2998, 5050, 4503, 5490, 1649, 985, 2945, 328, 3435, 1983, 465, 1592, 3225, 291, 3318, 1678, 1502, 1247, 568, 1482, 1004, 2202, 4234, 1898, 5873, 801, 4014, 2103, 2343, 842, 210, 909, 313, 1362, 2311, 5265, 3330, 2047, 2539, 4117, 3060, 63, 1415, 4707, 371, 2054, 981, 2350, 3204, 862]
MAP4K1	2007.0	[4860, 2960, 817, 2803, 2906, 2629, 2254, 2529, 2354, 2660, 3146, 5234, 1248, 1030, 2397, 4007, 426, 1965, 3162, 2047, 2106, 1296, 3612, 2902, 3768, 1100, 571, 306, 1871, 1249, 1627, 819, 1900, 1125, 1532, 1770, 2126, 4055, 1951, 1238, 692, 586, 3300, 733, 3077, 1687, 1176, 1038, 2785, 2696, 1168, 2754, 479, 1539, 2629, 3615, 2414, 3263, 657, 2918, 2030, 939, 696, 2056, 1114, 481, 1984, 2259, 754, 1003, 3565, 969, 2338, 771, 2571, 4340, 2360, 1174, 2196, 1297, 1791, 1368, 2278, 1641, 2338, 904, 2058, 1342, 2829, 4559, 2672, 2456, 1646, 859, 1034, 3550, 1514, 2848, 2283, 945]
LRMP	2109.0	[2692, 2426, 1821, 2107, 1886, 1701, 2520, 1955, 2244, 1928, 2230, 2697, 2374, 3164, 1185, 2295, 1707, 2114, 2558, 3337, 2170, 1322, 1636, 2568, 1862, 2043, 2318, 2289, 2052, 2134, 2390, 2126, 1825, 1253, 1931, 1085, 2150, 1924, 1486, 1600, 1945, 1677, 1632, 3305, 1719, 1360, 977, 2363, 3469, 1980, 2011, 2366, 1174, 3075, 3316, 1806, 2152, 1932, 1967, 2008, 1521, 2298, 2625, 2767, 2287, 2679, 2396, 2583, 1139, 2418, 1014, 2965, 1853, 582, 3458, 1020, 1702, 1919, 3131, 1201, 1792, 1665, 2143, 1727, 2441, 1886, 2172, 2354, 2111, 2409, 2811, 2375, 2161, 1408, 2479, 1920, 2538, 1659, 2281, 2039]
SIX1	2236.5	[2266, 1675, 3706, 3834, 3846, 1587, 1903, 2990, 2132, 3444, 2807, 2431, 1001, 2884, 3340, 3244, 1602, 3480, 3271, 931, 1191, 2526, 1537, 2207, 2730, 1365, 1656, 277, 3995, 3268, 510, 1440, 5504, 1888, 2494, 2142, 4270, 4873, 3726, 3324, 1012, 3336, 1231, 2161, 1358, 4272, 2365, 781, 4686, 3224, 925, 2454, 3629, 1712, 1293, 1497, 2419, 2461, 3057, 1998, 2747, 1908, 1739, 1357, 3838, 1757, 1690, 1869, 1528, 1110, 1822, 4021, 2019, 4829, 1727, 715, 1279, 648, 2684, 3535, 2267, 3271, 1945, 1016, 1423, 1236, 1700, 2958, 2997, 2411, 2137, 3049, 4450, 4363, 5204, 764, 4487, 3167, 668, 1854]
CTAG2	2886.5	[311, 3783, 1325, 4069, 478, 151, 2045, 5306, 91, 2664, 5822, 5556, 481, 3947, 3161, 5276, 604, 196, 6130, 6157, 5234, 1141, 6233, 568, 242, 995, 932, 6074, 133, 4441, 6333, 5385, 3420, 3118, 1135, 4017, 1955, 4684, 1812, 5678, 148, 4599, 1834, 3344, 6360, 2474, 1994, 5331, 6185, 4156, 2417, 6060, 6286, 5919, 2477, 513, 258, 6203, 1842, 5735, 2971, 5912, 5525, 2216, 1675, 3420, 2562, 1920, 2290, 339, 3774, 6342, 876, 4881, 175, 2802, 522, 1216, 4124, 2556, 4236, 383, 3969, 662, 4930, 5984, 5655, 1329, 5816, 4409, 286, 1587, 528, 4792, 990, 2202, 4510, 1667, 5362, 272]
PARG	3004.5	[4994, 930, 407, 552, 1929, 2529, 2678, 4940, 1155, 1633, 3013, 307, 219, 2996, 1446, 3875, 1744, 1988, 2760, 241, 5856, 5422, 5460, 5611, 2168, 3679, 4801, 2364, 1544, 4155, 3912, 1418, 1916, 5165, 4495, 5029, 5585, 2234, 1417, 1158, 6310, 6319, 4260, 2836, 2899, 203, 907, 3806, 5942, 1029, 4513, 373, 312, 1293, 4520, 2117, 372, 579, 3927, 3768, 2017, 2974, 5113, 833, 3858, 616, 5489, 5403, 3850, 4447, 3490, 3023, 291, 3290, 3512, 4227, 3638, 2338, 2464, 2994, 187, 396, 5613, 1833, 5589, 4814, 6010, 4132, 5882, 6025, 2798, 4050, 811, 1036, 5145, 4971, 4587, 5611, 1459, 3859]
GRP	3158.5	[4358, 3189, 3128, 4136, 4210, 901, 2765, 504, 854, 1842, 3724, 1318, 5773, 5469, 2897, 815, 437, 2451, 4915, 4309, 3410, 3603, 5551, 2071, 4255, 5178, 2096, 5864, 5839, 3794, 4654, 4103, 4470, 4375, 2513, 4114, 2732, 1840, 4536, 2662, 3206, 3827, 1151, 1339, 1627, 3191, 1331, 2241, 965, 2606, 1691, 3110, 2362, 4519, 4222, 4328, 5434, 2795, 5732, 370, 3722, 2921, 578, 4742, 1104, 1524, 1774, 3323, 4697, 2081, 3997, 730, 3966, 4344, 3373, 1330, 986, 4992, 3940, 4399, 2963, 4303, 2125, 229, 3929, 2727, 370, 1681, 2914, 4149, 801, 262, 2528, 5694, 224, 1656, 4494, 3938, 5309, 5147]
EVI5	3188.5	[1226, 3839, 1237, 1359, 2759, 3113, 2870, 2243, 2626, 5539, 4721, 3952, 5165, 4098, 3907, 5551, 1931, 4677, 2821, 3212, 4173, 4948, 4125, 2608, 3057, 4220, 4833, 3956, 2250, 4124, 2875, 3049, 3472, 2009, 814, 714, 3928, 4824, 5150, 1589, 5043, 2967, 5537, 4530, 2555, 2743, 2999, 4818, 1833, 5443, 2535, 2708, 2299, 3797, 4836, 1131, 3620, 4653, 3210, 2919, 2494, 3270, 3003, 5549, 4458, 2494, 1467, 3295, 3167, 2669, 1874, 5262, 2397, 4391, 2346, 1153, 4299, 3071, 5066, 2261, 2541, 1680, 5209, 2005, 5264, 5481, 5070, 3796, 4205, 3107, 1872, 4668, 4065, 5120, 3008, 5393, 2948, 4187, 644, 1343]
ZNF124	3200.0	[2488, 733, 3666, 5861, 3095, 2330, 384, 1705, 1458, 4378, 3430, 563, 5311, 4055, 1486, 2665, 1873, 419, 4310, 3920, 5767, 4294, 1422, 3028, 3586, 1936, 2719, 5112, 2381, 4127, 1662, 3599, 1630, 4871, 4542, 5056, 5810, 1463, 4371, 4057, 3194, 3095, 4763, 5284, 3712, 2198, 5078, 1611, 2519, 5216, 6394, 3400, 2824, 1706, 1428, 3577, 1397, 4842, 1740, 758, 273, 2881, 1550, 5717, 234, 5448, 1565, 2936, 4831, 1776, 304, 1355, 300, 1852, 1078, 5283, 3206, 6390, 3988, 6024, 4024, 1980, 4935, 1936, 2087, 828, 4579, 3678, 4763, 4884, 4263, 2620, 5403, 2651, 6307, 1808, 3623, 3867, 5571, 4343]
CDH17	3284.0	[4964, 5773, 3010, 1740, 1382, 4756, 547, 4112, 745, 4846, 4855, 4302, 4824, 4982, 3603, 3841, 1440, 5445, 1182, 5423, 1288, 3969, 4596, 858, 6201, 5052, 4280, 3328, 4109, 2114, 2393, 2356, 387, 2294, 4811, 5833, 810, 3174, 1846, 1641, 3938, 1184, 4654, 5054, 1472, 3117, 2953, 1432, 5097, 2345, 1398, 2346, 1300, 1200, 4481, 5518, 4204, 2755, 3823, 4795, 3964, 981, 2675, 1355, 1464, 3335, 4990, 3830, 4240, 4351, 801, 3885, 4445, 2599, 3167, 2605, 4362, 4225, 5751, 4657, 4612, 1772, 1434, 4477, 5496, 5115, 2553, 2847, 2418, 3240, 3968, 2958, 1014, 1284, 2232, 4918, 1279, 1873, 4146, 2863]
ATOH1	3380.5	[2007, 6213, 364, 3692, 2873, 5902, 6143, 6246, 5070, 2299, 6259, 395, 451, 2353, 5705, 6130, 379, 1191, 6269, 351, 6237, 256, 5926, 6020, 5796, 5806, 6273, 6024, 591, 5576, 2961, 463, 587, 2733, 1363, 905, 4661, 638, 279, 3686, 6256, 680, 6180, 5885, 2233, 4773, 2595, 1043, 5768, 6288, 5980, 309, 2405, 6095, 5839, 3432, 481, 5435, 5565, 921, 473, 508, 1401, 1755, 1646, 5906, 5640, 461, 835, 386, 3340, 6338, 6221, 6185, 6143, 972, 5843, 6129, 1034, 717, 4700, 763, 4311, 2052, 5280, 5406, 132, 3421, 4360, 5230, 1513, 1273, 3472, 531, 604, 5232, 1918, 4059, 644, 2787]
CHGB	3483.5	[846, 5793, 483, 6279, 2484, 917, 549, 2670, 5187, 5514, 6275, 6152, 5399, 320, 3418, 4997, 6299, 6103, 5039, 1903, 3302, 5580, 2127, 2718, 3497, 2897, 228, 5908, 4153, 210, 655, 5572, 4332, 2263, 4710, 275, 4193, 428, 1939, 574, 6159, 2635, 2770, 5152, 3930, 6312, 1494, 1918, 3169, 1046, 1647, 263, 4991, 1727, 4559, 4567, 1696, 500, 2798, 6297, 307, 5692, 6119, 5214, 4648, 5558, 5068, 5638, 3986, 6361, 4031, 1693, 5183, 264, 4623, 4773, 1954, 254, 5429, 4233, 3470, 14, 1013, 1899, 6232, 220, 4976, 5358, 1748, 5596, 5629, 2174, 520, 1582, 6161, 2752, 5836, 5825, 136, 3168]
GAGE7	3538.0	[913, 1972, 2149, 5096, 2226, 1027, 364, 4424, 407, 4342, 5799, 5831, 4749, 1854, 1913, 2760, 192, 5413, 6273, 636, 6386, 4166, 5560, 6045, 3241, 5999, 6419, 4782, 4854, 4055, 509, 6482, 951, 5806, 5513, 5436, 6038, 3304, 6137, 4941, 6174, 1529, 680, 275, 1293, 5277, 491, 2410, 465, 6213, 3448, 5978, 1585, 3515, 525, 901, 4983, 5611, 546, 5337, 1498, 5938, 3138, 1683, 644, 391, 5159, 5253, 961, 3699, 428, 6017, 4574, 6117, 2172, 722, 4414, 5673, 1750, 1319, 6427, 1947, 308, 5967, 4422, 3289, 1259, 4361, 6061, 800, 3262, 6356, 2792, 5147, 753, 460, 2409, 5509, 6227, 3561]
RBP3	3789.5	[3566, 5178, 1359, 5266, 2509, 5300, 4944, 6055, 1320, 6051, 103, 6040, 467, 1512, 5792, 1475, 4169, 3755, 1775, 5955, 219, 6483, 6444, 4558, 5528, 688, 4399, 2057, 4212, 6237, 3119, 1161, 1762, 353, 6324, 3537, 79, 5357, 1281, 5505, 4829, 3521, 2718, 5200, 2157, 3196, 1700, 2821, 6424, 5200, 373, 4191, 2658, 6290, 5777, 1015, 4008, 3947, 4209, 774, 4013, 3152, 5600, 3777, 4387, 5311, 1060, 1357, 1802, 1225, 5170, 3409, 1580, 5835, 2008, 5530, 5054, 2637, 5314, 2549, 6105, 3752, 5785, 5840, 2848, 1334, 1256, 1330, 2317, 6431, 2732, 4827, 3802, 6053, 1559, 6288, 6243, 94, 5590, 6117]
GPR12	4259.5	[5036, 933, 5210, 5509, 5798, 1506, 268, 4967, 5091, 518, 6084, 6048, 5673, 208, 4554, 5686, 6259, 1342, 3839, 1514, 844, 5528, 187, 5438, 5752, 4923, 4190, 3703, 826, 5576, 6012, 5292, 1984, 5549, 773, 5331, 1610, 5930, 5606, 5632, 5541, 2601, 156, 762, 417, 3084, 5161, 460, 5578, 4664, 5818, 5101, 5308, 5451, 3986, 1616, 141, 2102, 393, 4192, 2114, 922, 5703, 1988, 275, 4940, 404, 4350, 149, 602, 2805, 5467, 5364, 1806, 1284, 5627, 1155, 313, 212, 4996, 5726, 306, 153, 308, 4657, 5736, 5462, 1969, 4327, 499, 4929, 2865, 5695, 5269, 5580, 3235, 2516, 5113, 5010, 2065]
IDH3G	4584.0	[4836, 620, 5405, 5007, 5619, 2369, 3046, 3992, 6112, 1166, 1269, 6007, 4915, 5895, 2592, 5740, 6024, 5243, 4238, 5501, 426, 138, 5363, 3273, 3970, 5122, 1627, 2705, 5614, 282, 2997, 6036, 5799, 3134, 5777, 5439, 5835, 5939, 5443, 4700, 2950, 4681, 3518, 4043, 2313, 3090, 6172, 465, 4131, 128, 1089, 5546, 4315, 2955, 5894, 4550, 5932, 2648, 4957, 4262, 5674, 5523, 1992, 279, 4982, 3278, 2568, 1943, 5769, 4582, 5254, 4699, 4223, 2898, 4586, 4677, 4051, 5409, 265, 5294, 4272, 1800, 1357, 5614, 6374, 4413, 5145, 5291, 965, 4356, 5042, 5401, 3167, 6322, 3281, 5286, 5059, 5272, 5250, 3562]
