Gene	Median Rank	Full Ranks
UGT2B11	4.5	[2, 10, 4, 7, 3, 9, 1, 3, 115, 15, 2, 1, 4, 15, 5, 5, 7, 1, 1, 6, 9, 1, 2, 3, 12, 7, 4, 6, 4, 4, 2, 8, 2, 3, 10, 8, 19, 1, 13, 5, 5, 15, 5, 3, 1, 4, 35, 2, 3, 1, 4, 9, 3, 193, 1, 6, 18, 13, 7, 2, 1, 52, 2, 220, 46, 6, 5, 1, 2, 10, 6, 1, 15, 14, 592, 4, 9, 2, 17, 4, 2, 319, 104, 1, 1, 1, 11, 2, 4, 9, 3, 7, 13, 2, 2, 1, 1, 4, 6, 17]
OR52A1	6.0	[9, 5, 9, 3, 3, 7, 4, 4, 3, 5, 5, 2, 4, 14, 9, 4, 7, 9, 2, 8, 4, 5, 11, 5, 25, 2, 5, 6, 5, 2, 3, 2, 8, 2, 6, 23, 2, 9, 4, 10, 2, 3, 10, 4, 10, 12, 5, 9, 20, 2, 4, 4, 2, 11, 7, 12, 12, 3, 7, 7, 10, 7, 2, 6, 8, 2, 9, 9, 9, 7, 8, 11, 3, 37, 4, 2, 10, 8, 5, 50, 5, 4, 11, 2, 11, 10, 17, 9, 11, 10, 2, 9, 2, 3, 8, 2, 5, 17, 9, 5]
OR10H1	11.0	[9, 13, 14, 9, 8, 6, 11, 5, 24, 21, 22, 6, 4, 33, 15, 17, 19, 14, 11, 70, 4, 7, 9, 12, 16, 8, 13, 19, 12, 3, 17, 18, 7, 12, 4, 9, 9, 14, 32, 4, 10, 14, 10, 2, 17, 5, 3, 15, 8, 6, 8, 3, 17, 9, 15, 12, 20, 17, 19, 7, 11, 20, 6, 16, 13, 7, 23, 24, 9, 10, 26, 10, 9, 6, 10, 9, 9, 10, 17, 13, 20, 15, 14, 19, 6, 12, 3, 7, 16, 10, 68, 11, 13, 8, 16, 4, 15, 351, 8, 6]
HLA-DPB1	12.0	[15, 18, 41, 11, 10, 6, 8, 11, 10, 4, 15, 13, 17, 6, 8, 8, 4, 14, 12, 8, 8, 12, 9, 9, 1600, 65, 15, 6, 18, 4, 21, 6, 14, 11, 10, 8, 11, 5, 10, 12, 13, 5, 110, 9, 174, 18, 38, 56, 13, 6, 26, 12, 56, 4, 19, 2, 14, 5, 4, 9, 9, 20, 21, 14, 17, 7, 13, 9, 12, 16, 19, 348, 30, 12, 11, 6, 306, 6, 14, 95, 11, 11, 85, 9, 15, 53, 25, 11, 53, 9, 13, 11, 15, 10, 39, 27, 20, 12, 15, 13]
DAZ4	13.0	[17, 15, 2290, 18, 6, 20, 9, 24, 1037, 40, 5, 43, 3087, 21, 10, 37, 28, 6, 18, 8, 14, 8, 4, 1, 7, 3, 31, 11, 7, 23, 13, 49, 12, 24, 15, 10, 58, 6, 6, 9, 10, 141, 4, 8, 25, 39, 15, 256, 4, 15, 7, 15, 5, 25, 6, 30, 15, 13, 142, 121, 26, 5, 12, 7, 6, 65, 18, 5, 279, 11, 18, 11, 13, 48, 6, 118, 48, 21, 19, 5, 6, 26, 12, 12, 5, 13, 4, 7, 9, 10, 670, 138, 4, 5, 13, 29, 7, 55, 2, 198]
OR2S2	22.0	[80, 41, 31, 14, 216, 27, 23, 8, 11, 70, 17, 12, 18, 18, 22, 10, 21, 24, 46, 9, 26, 13, 13, 29, 517, 16, 13, 32, 12, 40, 27, 25, 20, 15, 702, 8, 13, 10, 13, 16, 20, 18, 25, 21, 22, 12, 15, 10, 22, 6, 2455, 14, 103, 34, 28, 49, 31, 12, 11, 18, 55, 20, 18, 19, 12, 43, 20, 40, 33, 46, 24, 3464, 35, 35, 26, 26, 29, 291, 9, 12, 59, 11, 24, 13, 24, 1800, 7, 3281, 26, 9, 121, 22, 16, 12, 36, 61, 610, 19, 15, 15]
PDZK1	26.0	[7, 20, 16, 12, 123, 21, 33, 36, 20, 11, 39, 36, 106, 28, 21, 72, 58, 10, 10, 91, 10, 7, 262, 15, 16, 31, 29, 11, 11, 21, 25, 46, 304, 15, 667, 11, 147, 110, 138, 40, 16, 111, 62, 26, 25, 21, 50, 54, 30, 11, 19, 17, 245, 12, 28, 31, 15, 991, 33, 21, 21, 37, 13, 30, 11, 20, 17, 42, 28, 258, 15, 26, 17, 37, 29, 39, 444, 20, 14, 26, 58, 9, 100, 53, 8, 27, 64, 37, 14, 27, 21, 11, 19, 18, 47, 38, 22, 406, 18, 23]
S100A9	30.0	[30, 11, 329, 155, 41, 18, 52, 10, 28, 59, 184, 124, 26, 108, 188, 104, 9, 10, 89, 13, 92, 420, 12, 61, 22, 14, 13, 27, 20, 12, 14, 26, 344, 162, 107, 15, 16, 26, 53, 27, 69, 12, 179, 3, 16, 22, 393, 36, 15, 20, 29, 138, 27, 11, 85, 184, 49, 60, 31, 90, 17, 8, 31, 63, 20, 26, 34, 99, 6, 213, 47, 9, 1222, 6, 272, 202, 10, 15, 9, 57, 4, 30, 83, 185, 12, 237, 20, 52, 6, 9, 22, 87, 160, 11, 35, 254, 34, 60, 16, 4]
COL11A1	45.0	[14, 19, 22, 29, 15, 183, 764, 835, 19, 101, 73, 46, 59, 8, 23, 14, 162, 40, 44, 13, 53, 29, 24, 17, 58, 23, 43, 83, 10, 132, 60, 28, 141, 22, 22, 25, 47, 33, 17, 443, 94, 1172, 92, 79, 27, 17, 199, 31, 31, 12, 42, 16, 48, 30, 114, 81, 85, 76, 11, 96, 112, 32, 16, 66, 131, 26, 25, 31, 26, 177, 521, 54, 120, 30, 20, 67, 51, 17, 19, 212, 100, 91, 36, 103, 26, 36, 21, 51, 46, 63, 351, 27, 26, 71, 61, 103, 78, 541, 50, 14]
CPB1	52.0	[40, 17, 52, 65, 442, 135, 203, 215, 182, 26, 96, 300, 1415, 76, 123, 7, 19, 4, 32, 120, 1256, 9, 4, 34, 52, 16, 193, 196, 22, 536, 272, 17, 629, 59, 32, 9, 60, 130, 558, 9, 364, 10, 12, 29, 275, 553, 19, 17, 51, 42, 89, 24, 16, 47, 177, 81, 37, 7, 22, 68, 8, 28, 7, 37, 183, 32, 45, 31, 258, 56, 13, 356, 70, 37, 109, 9, 35, 76, 68, 10, 8, 75, 7, 57, 549, 10, 30, 41, 34, 1059, 61, 12, 1967, 26, 2022, 226, 488, 106, 935, 73]
MX1	53.0	[217, 26, 37, 381, 35, 78, 133, 30, 36, 399, 416, 224, 89, 13, 21, 110, 130, 18, 276, 124, 19, 32, 193, 172, 144, 374, 139, 1086, 28, 35, 84, 156, 135, 12, 29, 133, 29, 14, 35, 22, 29, 23, 39, 113, 157, 81, 56, 18, 63, 50, 16, 44, 39, 67, 25, 66, 66, 29, 129, 178, 29, 153, 83, 51, 28, 86, 474, 75, 27, 17, 27, 16, 10, 18, 38, 69, 38, 10, 39, 48, 12, 22, 13, 62, 12, 140, 163, 21, 351, 298, 55, 57, 536, 31, 167, 85, 29, 41, 120, 149]
SUPT6H	57.0	[53, 69, 147, 8, 132, 17, 18, 11, 247, 17, 61, 15, 613, 34, 4053, 12, 38, 119, 42, 9, 341, 39, 8, 19, 86, 119, 11, 18, 31, 66, 25, 19, 36, 73, 258, 66, 10, 52, 13, 73, 30, 604, 118, 27, 81, 6, 103, 85, 107, 10, 92, 1448, 18, 107, 51, 472, 425, 8, 53, 9, 92, 5, 133, 27, 7, 78, 152, 23, 376, 8, 17, 122, 15, 204, 111, 202, 25, 5, 48, 79, 189, 14, 90, 150, 4, 170, 12, 4, 204, 71, 62, 29, 192, 35, 81, 81, 7, 141, 217, 441]
KCNJ1	66.0	[493, 42, 34, 453, 69, 41, 40, 60, 60, 72, 167, 67, 115, 47, 3365, 500, 63, 102, 53, 63, 191, 54, 39, 39, 45, 145, 68, 114, 52, 41, 184, 418, 49, 50, 81, 53, 1483, 108, 39, 426, 51, 76, 96, 378, 61, 557, 60, 42, 65, 88, 164, 56, 44, 109, 193, 94, 66, 72, 30, 41, 69, 28, 76, 176, 67, 40, 42, 52, 356, 138, 66, 70, 1122, 1711, 38, 220, 57, 40, 64, 51, 113, 43, 42, 610, 60, 44, 63, 1877, 62, 54, 207, 88, 241, 79, 73, 51, 5720, 42, 35, 32]
ACOX2	75.5	[6, 9, 40, 209, 745, 57, 5378, 1404, 85, 388, 186, 54, 179, 12, 69, 312, 90, 529, 237, 155, 31, 13, 15, 61, 27, 46, 169, 17, 353, 353, 300, 23, 11, 41, 265, 266, 57, 73, 12, 50, 93, 851, 38, 268, 94, 19, 34, 46, 47, 21, 28, 29, 97, 62, 2430, 274, 36, 57, 227, 265, 107, 233, 64, 67, 21, 50, 68, 1356, 535, 18, 261, 32, 27, 105, 78, 258, 182, 38, 27, 498, 927, 36, 411, 58, 43, 163, 70, 21, 2740, 2842, 854, 1316, 130, 45, 324, 66, 886, 391, 19, 202]
PSG6	81.0	[46, 63, 112, 45, 58, 291, 158, 156, 141, 102, 260, 61, 94, 131, 137, 81, 52, 52, 37, 291, 85, 92, 45, 38, 123, 56, 120, 36, 92, 133, 84, 60, 172, 80, 47, 60, 29, 42, 117, 110, 74, 96, 124, 144, 39, 147, 38, 47, 146, 514, 53, 75, 37, 151, 120, 207, 75, 81, 67, 283, 158, 75, 61, 127, 63, 27, 64, 79, 149, 112, 69, 54, 40, 55, 49, 40, 30, 65, 33, 200, 81, 60, 78, 84, 127, 158, 37, 175, 322, 95, 43, 96, 162, 62, 44, 160, 43, 120, 113, 110]
HCRT	86.0	[74, 73, 64, 52, 51, 114, 75, 148, 104, 114, 210, 100, 75, 150, 115, 68, 79, 161, 101, 86, 99, 62, 79, 77, 62, 46, 182, 81, 65, 54, 140, 119, 130, 103, 93, 73, 70, 59, 110, 59, 89, 79, 126, 119, 1753, 75, 125, 44, 112, 297, 85, 86, 58, 87, 71, 76, 117, 108, 45, 92, 46, 103, 196, 85, 58, 67, 190, 349, 98, 55, 71, 216, 104, 76, 69, 286, 103, 73, 71, 97, 73, 91, 75, 184, 128, 51, 201, 77, 67, 105, 133, 154, 76, 84, 71, 59, 94, 75, 118, 87]
ISG15	92.0	[17, 61, 79, 106, 50, 32, 24, 81, 97, 27, 80, 127, 25, 274, 48, 139, 133, 87, 213, 165, 174, 38, 32, 131, 71, 94, 82, 90, 168, 43, 51, 111, 34, 37, 215, 159, 84, 138, 136, 99, 136, 76, 89, 276, 137, 56, 55, 134, 56, 114, 34, 71, 37, 42, 135, 34, 37, 119, 141, 172, 30, 84, 132, 121, 87, 52, 211, 149, 52, 33, 121, 148, 129, 69, 503, 116, 22, 189, 420, 565, 160, 112, 214, 154, 143, 50, 73, 84, 39, 234, 241, 89, 112, 38, 63, 70, 114, 34, 293, 121]
TTYH1	96.5	[181, 54, 84, 20, 59, 121, 27, 301, 78, 92, 1167, 191, 21, 248, 95, 24, 32, 51, 83, 536, 1352, 39, 18, 1066, 198, 116, 41, 16, 63, 112, 122, 370, 115, 514, 91, 46, 353, 23, 222, 90, 221, 100, 42, 46, 10, 43, 55, 58, 55, 168, 37, 115, 25, 3025, 18, 104, 257, 75, 31, 1834, 225, 124, 102, 147, 128, 210, 30, 93, 147, 111, 24, 39, 98, 346, 400, 240, 48, 265, 77, 355, 14, 137, 136, 99, 36, 71, 464, 93, 113, 49, 131, 228, 46, 370, 23, 74, 664, 77, 127, 16]
TFF1	100.0	[143, 134, 78, 52, 68, 242, 137, 59, 53, 42, 203, 30, 110, 23, 152, 28, 368, 133, 62, 52, 104, 85, 43, 74, 115, 63, 146, 93, 49, 39, 109, 96, 73, 223, 38, 86, 546, 98, 45, 68, 70, 80, 28, 41, 203, 281, 125, 140, 312, 349, 163, 35, 199, 66, 57, 170, 148, 102, 412, 1028, 213, 43, 44, 130, 312, 58, 145, 149, 347, 313, 47, 127, 65, 57, 77, 114, 36, 53, 89, 150, 138, 108, 31, 46, 54, 438, 27, 91, 124, 682, 166, 49, 147, 55, 76, 107, 619, 122, 175, 439]
IGHG3	101.5	[538, 178, 36, 91, 24, 470, 200, 203, 94, 35, 87, 82, 192, 56, 193, 424, 8, 112, 57, 118, 73, 70, 23, 49, 101, 46, 8, 333, 57, 43, 1401, 17, 257, 124, 66, 269, 37, 91, 60, 121, 9, 39, 117, 182, 585, 27, 656, 306, 504, 195, 158, 102, 252, 41, 52, 125, 144, 12, 63, 838, 42, 87, 249, 20, 45, 106, 19, 62, 94, 199, 136, 460, 315, 39, 217, 141, 160, 117, 95, 41, 81, 122, 262, 31, 216, 503, 56, 182, 31, 350, 136, 158, 201, 55, 58, 142, 62, 29, 88, 301]
SHBG	107.0	[107, 96, 53, 93, 177, 70, 84, 91, 113, 71, 123, 63, 3158, 119, 74, 80, 392, 41, 241, 155, 68, 62, 209, 488, 82, 71, 120, 150, 102, 151, 65, 122, 158, 70, 76, 38, 51, 56, 55, 50, 76, 224, 200, 319, 154, 45, 177, 444, 77, 48, 186, 86, 162, 67, 1781, 49, 63, 273, 142, 114, 105, 55, 3443, 85, 122, 107, 180, 402, 143, 78, 87, 103, 124, 53, 274, 61, 166, 116, 69, 178, 167, 129, 89, 49, 171, 70, 110, 399, 135, 134, 84, 230, 49, 52, 52, 172, 113, 125, 233, 86]
PSG9	113.0	[262, 186, 71, 70, 114, 85, 184, 274, 334, 148, 100, 60, 184, 332, 60, 52, 260, 155, 208, 106, 112, 109, 355, 145, 99, 76, 30, 132, 90, 90, 137, 94, 95, 259, 151, 164, 146, 252, 107, 94, 239, 62, 106, 227, 50, 227, 159, 214, 69, 66, 156, 180, 44, 42, 53, 244, 81, 56, 377, 681, 325, 83, 68, 58, 241, 110, 483, 77, 531, 49, 105, 264, 69, 96, 140, 47, 225, 144, 147, 188, 57, 53, 141, 55, 127, 33, 56, 49, 143, 100, 237, 107, 42, 125, 63, 140, 115, 83, 213, 117]
MC1R	114.5	[105, 112, 154, 61, 86, 137, 53, 164, 56, 71, 991, 309, 146, 141, 130, 114, 64, 103, 135, 70, 128, 106, 154, 97, 95, 144, 58, 54, 122, 119, 83, 76, 46, 154, 96, 85, 75, 144, 127, 81, 168, 192, 72, 152, 108, 129, 80, 134, 136, 276, 223, 3024, 100, 169, 98, 101, 129, 158, 84, 121, 109, 73, 60, 145, 141, 86, 65, 190, 154, 115, 91, 52, 110, 279, 93, 119, 79, 221, 105, 125, 75, 83, 99, 246, 152, 73, 156, 137, 144, 85, 131, 158, 116, 90, 63, 107, 1156, 71, 157, 3123]
IFNA14	115.5	[266, 718, 57, 53, 112, 50, 119, 97, 111, 70, 96, 243, 70, 54, 141, 89, 34, 170, 69, 239, 498, 198, 65, 149, 43, 137, 467, 368, 92, 124, 73, 1171, 102, 167, 211, 147, 38, 69, 85, 162, 71, 543, 89, 283, 116, 95, 138, 115, 533, 166, 130, 51, 109, 178, 3910, 157, 49, 83, 177, 122, 87, 117, 112, 210, 41, 825, 102, 67, 76, 372, 297, 133, 65, 116, 45, 672, 123, 58, 115, 279, 386, 130, 1715, 87, 79, 58, 82, 121, 668, 114, 94, 330, 156, 67, 109, 73, 112, 124, 146, 66]
OR10H2	127.0	[2680, 76, 459, 25, 337, 23, 87, 66, 29, 4531, 5448, 289, 5087, 24, 298, 105, 357, 381, 37, 358, 1646, 55, 215, 32, 132, 183, 470, 41, 58, 35, 5697, 1416, 17, 170, 280, 122, 1419, 54, 83, 22, 58, 26, 163, 752, 226, 5731, 49, 6003, 5850, 215, 50, 28, 196, 846, 56, 64, 370, 32, 28, 311, 14, 4287, 46, 583, 1847, 148, 21, 169, 2646, 27, 35, 23, 107, 40, 4528, 4621, 5374, 2985, 1430, 290, 617, 45, 57, 27, 74, 1365, 46, 23, 43, 58, 54, 5191, 103, 10, 5816, 30, 141, 74, 402, 99]
NAT1	141.0	[97, 362, 123, 202, 200, 181, 264, 248, 74, 183, 116, 139, 99, 105, 226, 40, 144, 141, 137, 164, 97, 256, 89, 136, 103, 124, 238, 95, 118, 285, 83, 254, 82, 254, 436, 126, 255, 246, 145, 156, 195, 81, 111, 123, 138, 103, 105, 62, 157, 136, 53, 81, 85, 596, 129, 362, 307, 97, 158, 276, 111, 151, 143, 333, 238, 190, 149, 76, 269, 55, 362, 101, 333, 187, 83, 108, 127, 90, 90, 296, 382, 78, 121, 294, 88, 267, 54, 182, 497, 56, 160, 253, 147, 142, 141, 30, 244, 123, 474, 130]
SLC1A1	145.5	[107, 129, 740, 93, 367, 147, 99, 113, 219, 166, 76, 86, 87, 144, 119, 631, 64, 141, 49, 139, 697, 100, 132, 105, 157, 95, 67, 87, 98, 220, 163, 195, 115, 71, 239, 278, 97, 196, 166, 88, 450, 758, 860, 162, 51, 253, 139, 98, 477, 769, 321, 681, 833, 216, 189, 117, 72, 89, 101, 65, 706, 103, 942, 110, 279, 156, 114, 141, 398, 431, 98, 1567, 122, 196, 413, 264, 249, 204, 602, 125, 111, 39, 1889, 61, 65, 428, 1519, 331, 76, 144, 112, 111, 268, 195, 151, 110, 520, 152, 225, 111]
SMARCD1	149.0	[154, 315, 118, 171, 143, 218, 100, 145, 309, 425, 215, 115, 307, 17, 15, 13, 299, 66, 63, 223, 76, 232, 312, 36, 123, 41, 756, 458, 635, 212, 371, 411, 80, 49, 303, 131, 206, 124, 351, 98, 141, 153, 251, 260, 298, 27, 182, 72, 277, 161, 229, 385, 321, 424, 178, 95, 60, 133, 163, 259, 64, 103, 221, 66, 44, 79, 110, 52, 138, 76, 74, 360, 32, 221, 28, 28, 56, 67, 154, 133, 115, 306, 216, 140, 159, 54, 68, 153, 177, 39, 214, 193, 433, 141, 171, 177, 104, 221, 134, 106]
S100P	161.5	[155, 554, 8, 659, 114, 120, 79, 50, 90, 217, 111, 660, 97, 102, 24, 83, 10, 308, 283, 40, 159, 167, 231, 11, 15, 84, 668, 30, 493, 2103, 505, 727, 2022, 139, 11, 1599, 239, 91, 3769, 405, 200, 105, 578, 427, 54, 1751, 19, 4, 3091, 283, 231, 124, 108, 158, 3044, 345, 528, 274, 33, 23, 92, 262, 75, 129, 4971, 64, 49, 19, 190, 73, 169, 1735, 220, 43, 365, 131, 596, 680, 75, 107, 1759, 1516, 109, 117, 11, 9, 140, 164, 1573, 87, 31, 454, 1579, 927, 296, 266, 348, 721, 243, 139]
CYP2C8	170.5	[56, 375, 105, 118, 507, 442, 613, 154, 52, 262, 161, 85, 271, 218, 318, 146, 174, 249, 372, 131, 106, 767, 311, 104, 125, 216, 3272, 122, 165, 351, 458, 101, 80, 122, 143, 322, 85, 154, 215, 137, 886, 173, 109, 57, 347, 45, 126, 85, 333, 69, 61, 168, 307, 107, 1176, 106, 737, 901, 236, 125, 211, 105, 243, 208, 406, 117, 152, 65, 138, 180, 326, 174, 112, 96, 653, 230, 925, 139, 252, 83, 141, 122, 277, 286, 92, 30, 103, 464, 433, 340, 48, 152, 1305, 154, 1775, 106, 233, 205, 204, 301]
HLA-G	174.0	[432, 979, 253, 99, 77, 1331, 1982, 22, 909, 16, 138, 1351, 313, 98, 345, 146, 15, 8, 10, 60, 204, 381, 143, 135, 27, 233, 2405, 577, 1536, 374, 759, 27, 36, 162, 153, 1472, 2170, 2684, 5035, 18, 734, 38, 428, 213, 174, 158, 31, 264, 33, 337, 60, 1895, 105, 456, 49, 3111, 362, 1805, 44, 246, 82, 83, 153, 168, 39, 138, 24, 732, 103, 523, 2382, 18, 13, 2525, 62, 192, 56, 46, 268, 25, 54, 478, 22, 1320, 61, 3542, 493, 409, 2658, 174, 171, 772, 27, 849, 37, 113, 3245, 817, 5508, 77]
MAFG	187.0	[1784, 104, 224, 94, 71, 116, 85, 799, 22, 330, 632, 41, 213, 794, 30, 233, 64, 421, 131, 1134, 1026, 262, 1919, 570, 430, 1665, 209, 49, 1231, 643, 1031, 193, 276, 91, 176, 168, 868, 183, 31, 2726, 109, 194, 13, 199, 78, 2392, 11, 28, 114, 299, 596, 136, 111, 549, 27, 58, 1384, 253, 2760, 31, 23, 46, 139, 698, 568, 566, 210, 1179, 177, 123, 550, 52, 551, 934, 87, 116, 15, 99, 22, 79, 370, 191, 46, 124, 9, 335, 245, 1549, 38, 28, 37, 581, 12, 1429, 235, 2495, 21, 44, 41, 20]
GLP2R	187.5	[105, 157, 206, 76, 87, 243, 256, 133, 97, 316, 157, 537, 888, 95, 192, 326, 77, 183, 215, 794, 311, 251, 111, 121, 169, 106, 226, 187, 134, 1064, 67, 819, 228, 144, 218, 311, 127, 146, 156, 417, 69, 107, 3643, 84, 234, 119, 2919, 211, 333, 61, 269, 318, 89, 147, 321, 109, 188, 285, 151, 118, 106, 736, 91, 188, 104, 222, 438, 207, 168, 161, 112, 1837, 140, 235, 111, 82, 203, 134, 189, 136, 112, 128, 3034, 107, 203, 2137, 258, 162, 276, 247, 209, 219, 161, 153, 120, 331, 208, 367, 117, 212]
S100A8	190.5	[132, 75, 213, 268, 97, 43, 447, 45, 75, 2319, 84, 1838, 136, 392, 229, 67, 48, 244, 197, 117, 257, 187, 5050, 327, 101, 229, 143, 766, 398, 234, 622, 63, 267, 56, 61, 406, 206, 745, 2896, 287, 1055, 42, 922, 17, 74, 740, 194, 57, 458, 59, 504, 26, 383, 483, 50, 33, 538, 421, 114, 48, 547, 1333, 1297, 57, 218, 425, 791, 1368, 270, 92, 18, 155, 29, 590, 4266, 85, 22, 27, 62, 213, 216, 147, 310, 126, 95, 6, 103, 38, 65, 19, 126, 20, 850, 61, 389, 86, 313, 796, 119, 76]
SFRP4	215.5	[298, 355, 150, 931, 128, 517, 128, 36, 35, 841, 161, 218, 161, 221, 449, 148, 476, 1457, 630, 33, 247, 96, 336, 268, 4721, 668, 208, 1080, 26, 134, 42, 159, 99, 78, 223, 708, 385, 110, 150, 470, 2046, 28, 150, 347, 218, 63, 199, 1812, 798, 321, 2141, 136, 214, 451, 76, 260, 228, 231, 163, 520, 193, 1062, 651, 31, 1776, 278, 43, 398, 164, 83, 2298, 462, 214, 467, 569, 308, 34, 156, 146, 1476, 178, 106, 2157, 89, 67, 857, 355, 91, 201, 112, 47, 115, 73, 71, 527, 2121, 110, 217, 97, 97]
SVIL	245.0	[81, 656, 134, 246, 235, 21, 195, 789, 64, 161, 59, 89, 11, 273, 51, 244, 264, 71, 299, 18, 87, 73, 681, 1861, 804, 67, 427, 53, 865, 108, 116, 476, 139, 89, 1461, 1813, 65, 1561, 198, 43, 557, 706, 674, 1275, 257, 351, 196, 40, 892, 578, 910, 48, 20, 58, 228, 131, 914, 215, 286, 88, 1734, 836, 996, 694, 912, 1585, 530, 1213, 75, 1174, 160, 130, 45, 430, 187, 729, 34, 1148, 215, 45, 85, 6, 255, 403, 32, 1060, 818, 376, 689, 110, 488, 486, 429, 763, 620, 1771, 73, 58, 50, 22]
OPN1SW	252.0	[259, 293, 161, 623, 179, 354, 196, 286, 170, 320, 355, 204, 126, 154, 320, 229, 246, 387, 210, 217, 277, 179, 150, 444, 181, 438, 384, 287, 545, 420, 220, 242, 181, 155, 212, 639, 218, 305, 167, 435, 94, 182, 582, 198, 417, 353, 203, 228, 127, 179, 209, 279, 214, 237, 352, 292, 274, 445, 278, 253, 595, 250, 278, 318, 351, 151, 172, 379, 187, 438, 126, 369, 453, 367, 392, 143, 621, 378, 114, 147, 312, 209, 568, 277, 196, 223, 251, 382, 208, 1584, 439, 512, 195, 179, 213, 353, 231, 341, 158, 187]
CDC42BPB	270.0	[116, 62, 158, 181, 124, 83, 356, 121, 271, 165, 1973, 663, 265, 948, 560, 1256, 260, 477, 734, 211, 223, 2283, 229, 283, 563, 484, 301, 114, 350, 279, 114, 31, 220, 361, 51, 1704, 61, 226, 203, 1201, 133, 1026, 147, 18, 187, 256, 393, 316, 1728, 872, 267, 268, 77, 530, 588, 371, 834, 299, 37, 170, 80, 124, 631, 251, 1620, 640, 267, 532, 430, 202, 914, 240, 783, 1270, 1004, 1242, 96, 93, 245, 28, 162, 981, 151, 609, 425, 495, 1101, 269, 52, 551, 305, 1535, 4350, 493, 99, 212, 304, 148, 79, 45]
GSTT1	279.0	[780, 133, 938, 282, 538, 596, 1015, 52, 629, 467, 403, 30, 39, 2061, 34, 565, 99, 118, 31, 23, 124, 1727, 474, 1703, 1692, 368, 220, 19, 421, 679, 45, 381, 166, 272, 2341, 148, 24, 156, 193, 272, 32, 1918, 1871, 1343, 19, 21, 848, 513, 2302, 136, 30, 301, 69, 214, 529, 139, 102, 1120, 35, 653, 612, 23, 151, 9, 717, 103, 111, 381, 552, 348, 2326, 44, 89, 18, 2720, 386, 368, 229, 681, 35, 757, 48, 36, 1921, 191, 59, 195, 4243, 54, 447, 56, 599, 276, 298, 366, 4980, 15, 2399, 550, 111]
PRAME	284.0	[2170, 1956, 571, 190, 96, 510, 1064, 3304, 801, 200, 212, 155, 740, 714, 93, 969, 253, 118, 186, 499, 110, 205, 185, 931, 691, 71, 461, 157, 391, 179, 146, 106, 253, 385, 705, 607, 1792, 411, 239, 383, 522, 709, 334, 151, 181, 135, 304, 182, 444, 91, 183, 286, 282, 397, 70, 81, 412, 1603, 179, 310, 110, 191, 226, 60, 31, 861, 2200, 1012, 237, 182, 817, 880, 243, 478, 388, 902, 298, 618, 2123, 3393, 246, 225, 226, 241, 318, 113, 500, 487, 839, 126, 417, 40, 174, 256, 91, 200, 544, 62, 376, 120]
P2RY4	320.0	[88, 327, 900, 1930, 429, 305, 103, 149, 6203, 5942, 259, 150, 124, 2470, 509, 1019, 332, 1225, 883, 250, 216, 189, 75, 81, 248, 173, 501, 267, 5235, 2776, 310, 277, 378, 86, 53, 3744, 1513, 227, 460, 227, 4094, 1069, 357, 774, 240, 145, 1098, 104, 365, 53, 834, 1214, 134, 5813, 5509, 416, 313, 296, 613, 3061, 247, 5149, 70, 6161, 100, 111, 74, 228, 173, 1055, 114, 285, 113, 274, 185, 814, 142, 96, 63, 338, 959, 795, 132, 149, 1482, 3658, 661, 6098, 213, 86, 551, 278, 686, 605, 6059, 3848, 1458, 266, 584, 215]
RAB11A	329.0	[120, 1530, 394, 174, 34, 580, 1119, 162, 493, 149, 421, 624, 297, 1112, 299, 247, 224, 245, 310, 159, 202, 324, 4902, 477, 137, 170, 55, 3019, 111, 49, 257, 153, 177, 108, 352, 276, 579, 990, 1026, 14, 302, 65, 724, 208, 143, 385, 226, 208, 400, 248, 1553, 200, 277, 677, 1314, 1069, 119, 516, 153, 579, 963, 192, 399, 3163, 31, 238, 23, 583, 375, 928, 630, 586, 762, 668, 50, 285, 968, 145, 998, 811, 1010, 1206, 142, 229, 3523, 1624, 953, 2575, 312, 359, 330, 1464, 859, 1454, 328, 83, 65, 556, 199, 582]
GPLD1	334.5	[316, 237, 290, 301, 697, 325, 339, 286, 343, 372, 253, 170, 811, 309, 346, 220, 313, 377, 196, 438, 248, 297, 363, 262, 455, 589, 340, 453, 189, 1017, 923, 330, 377, 345, 316, 607, 603, 359, 253, 450, 267, 394, 395, 295, 512, 305, 141, 219, 346, 435, 173, 314, 421, 284, 1283, 329, 403, 266, 662, 236, 238, 224, 626, 323, 360, 653, 389, 365, 281, 193, 374, 282, 698, 464, 189, 2503, 547, 373, 307, 313, 208, 526, 394, 572, 201, 229, 340, 320, 274, 324, 250, 654, 329, 312, 609, 440, 309, 457, 386, 190]
IFNA4	343.0	[537, 427, 377, 272, 621, 394, 239, 256, 725, 117, 700, 912, 344, 173, 336, 133, 628, 546, 524, 547, 659, 469, 187, 208, 289, 479, 164, 383, 705, 189, 226, 410, 176, 318, 358, 849, 374, 420, 241, 275, 336, 964, 286, 412, 362, 267, 417, 129, 203, 413, 193, 127, 518, 236, 618, 220, 384, 392, 298, 216, 520, 253, 280, 366, 1033, 113, 473, 138, 169, 506, 272, 325, 139, 424, 257, 383, 489, 350, 205, 233, 181, 125, 287, 499, 227, 308, 434, 588, 1108, 342, 374, 293, 863, 251, 131, 384, 593, 417, 281, 169]
ESR1	349.5	[885, 104, 319, 436, 1911, 537, 340, 212, 206, 862, 177, 328, 68, 479, 87, 2001, 408, 955, 584, 89, 309, 333, 1012, 411, 272, 283, 822, 69, 227, 494, 387, 337, 390, 403, 241, 1662, 2108, 872, 270, 103, 260, 277, 511, 544, 1560, 117, 296, 587, 204, 448, 1000, 177, 424, 422, 50, 287, 1199, 12, 1698, 355, 85, 65, 532, 94, 323, 227, 814, 670, 1040, 421, 497, 35, 453, 506, 312, 338, 333, 54, 504, 92, 142, 460, 209, 642, 208, 440, 29, 324, 90, 344, 483, 650, 212, 1272, 174, 243, 1038, 757, 495, 637]
NTF3	402.5	[474, 254, 415, 256, 466, 114, 484, 271, 534, 266, 572, 256, 163, 446, 457, 175, 456, 177, 589, 432, 937, 399, 212, 383, 563, 533, 480, 1037, 225, 124, 266, 130, 594, 406, 365, 385, 110, 438, 287, 491, 570, 242, 372, 259, 466, 593, 376, 431, 732, 268, 344, 177, 283, 470, 273, 393, 255, 138, 245, 308, 421, 216, 258, 507, 377, 292, 649, 294, 630, 626, 960, 988, 277, 420, 1060, 479, 74, 109, 425, 203, 309, 452, 598, 713, 287, 289, 531, 410, 408, 275, 457, 326, 1059, 562, 944, 253, 456, 635, 688, 366]
PZP	414.0	[1182, 3923, 181, 4060, 2361, 353, 107, 1524, 1573, 116, 3697, 1079, 868, 179, 257, 120, 229, 4950, 3338, 138, 150, 367, 340, 2960, 167, 4559, 250, 361, 104, 2149, 271, 131, 88, 96, 299, 531, 523, 330, 5196, 5631, 254, 2977, 171, 3899, 887, 4177, 160, 5917, 189, 5419, 4355, 633, 329, 3355, 141, 655, 2678, 166, 4310, 5522, 250, 5684, 233, 4615, 220, 1556, 3321, 1211, 259, 775, 3276, 461, 173, 185, 159, 507, 171, 124, 4479, 3354, 995, 337, 148, 4094, 795, 5401, 295, 331, 6237, 1335, 291, 323, 276, 285, 330, 106, 1337, 2186, 180, 131]
PIP	421.5	[129, 327, 417, 4982, 42, 1167, 1220, 1190, 1651, 218, 729, 814, 3876, 501, 1977, 274, 506, 351, 1263, 553, 49, 167, 44, 898, 233, 447, 309, 308, 189, 204, 443, 426, 1123, 73, 105, 85, 129, 390, 155, 61, 88, 111, 579, 1127, 73, 96, 2400, 624, 308, 1393, 120, 227, 3318, 1401, 1002, 1016, 3056, 29, 1035, 3518, 1186, 254, 70, 178, 1239, 429, 1043, 900, 103, 1545, 502, 116, 90, 70, 178, 2611, 151, 1292, 193, 10, 219, 2047, 297, 415, 487, 121, 97, 780, 77, 15, 663, 2591, 1170, 680, 223, 515, 467, 19, 589, 1425]
NPY1R	436.5	[437, 289, 192, 1098, 456, 814, 520, 653, 595, 881, 425, 1486, 237, 145, 3403, 393, 689, 34, 488, 133, 382, 169, 181, 394, 1051, 621, 47, 227, 149, 135, 94, 255, 599, 657, 469, 472, 660, 173, 1083, 256, 348, 436, 38, 196, 254, 547, 505, 856, 368, 1158, 1048, 408, 2556, 293, 739, 562, 2268, 318, 142, 441, 1343, 37, 209, 147, 467, 944, 419, 839, 241, 367, 587, 352, 528, 112, 192, 611, 287, 145, 493, 440, 657, 1160, 977, 235, 1173, 235, 512, 1277, 250, 778, 337, 150, 407, 380, 766, 273, 879, 511, 505, 250]
SFRP5	442.5	[5369, 4375, 1708, 1568, 132, 1456, 97, 675, 2372, 319, 895, 4523, 321, 4845, 4769, 3679, 238, 275, 3295, 327, 476, 366, 265, 585, 275, 572, 3977, 199, 211, 649, 200, 234, 4483, 169, 4612, 390, 119, 890, 496, 100, 2531, 1192, 170, 4591, 4966, 63, 41, 3622, 4708, 1544, 4504, 98, 226, 1841, 237, 61, 78, 4669, 270, 4870, 91, 688, 270, 289, 365, 151, 1112, 248, 1236, 341, 70, 128, 1052, 406, 104, 133, 438, 4323, 3655, 5590, 1394, 256, 84, 447, 1443, 660, 3016, 42, 106, 1732, 70, 53, 353, 296, 4732, 4590, 3973, 199, 337, 2836]
NOVA1	486.0	[675, 2501, 507, 830, 580, 340, 675, 330, 726, 351, 576, 324, 410, 594, 1628, 593, 728, 635, 302, 267, 616, 970, 350, 224, 229, 872, 460, 317, 317, 700, 231, 404, 465, 628, 289, 1822, 190, 193, 238, 969, 317, 224, 484, 607, 395, 947, 277, 2137, 641, 699, 247, 856, 1413, 294, 467, 336, 839, 673, 379, 544, 535, 1835, 629, 336, 230, 249, 472, 141, 272, 835, 394, 1032, 342, 498, 578, 457, 473, 1898, 488, 1429, 561, 670, 370, 405, 352, 484, 881, 609, 1014, 479, 884, 302, 366, 302, 672, 299, 740, 293, 535, 1225]
KCNMB3	488.5	[325, 287, 1396, 4452, 866, 377, 412, 635, 269, 171, 262, 333, 305, 869, 1157, 447, 1061, 337, 423, 546, 849, 381, 214, 626, 437, 543, 2123, 487, 520, 760, 399, 341, 788, 490, 191, 97, 200, 100, 369, 599, 1487, 459, 3347, 502, 4390, 210, 671, 207, 1942, 512, 666, 98, 595, 1404, 451, 825, 681, 412, 475, 259, 415, 127, 870, 350, 449, 290, 1185, 713, 272, 326, 1145, 517, 272, 728, 539, 343, 418, 697, 143, 1260, 714, 957, 616, 302, 3819, 429, 426, 1205, 344, 954, 427, 1895, 332, 224, 523, 732, 307, 511, 654, 611]
SST	491.0	[523, 695, 408, 399, 503, 403, 460, 442, 444, 614, 199, 635, 308, 546, 317, 422, 462, 727, 612, 608, 295, 342, 857, 329, 351, 540, 374, 760, 272, 614, 407, 1245, 741, 341, 505, 404, 635, 363, 489, 217, 369, 256, 595, 596, 751, 280, 582, 520, 742, 407, 519, 580, 201, 591, 684, 486, 585, 317, 712, 386, 841, 525, 488, 814, 892, 437, 419, 383, 413, 457, 387, 468, 540, 367, 484, 622, 407, 348, 455, 362, 976, 541, 748, 493, 1954, 357, 429, 528, 289, 536, 981, 1460, 681, 632, 435, 300, 520, 800, 522, 724]
TAT	517.0	[733, 52, 628, 431, 767, 308, 190, 219, 139, 180, 1126, 136, 476, 1129, 595, 1432, 2922, 1561, 450, 270, 515, 1176, 1000, 815, 110, 683, 235, 136, 621, 31, 527, 2166, 183, 812, 475, 1887, 709, 47, 98, 233, 657, 436, 70, 132, 119, 194, 729, 477, 578, 4648, 407, 232, 1619, 592, 805, 416, 1453, 519, 68, 1102, 387, 675, 1021, 1369, 274, 934, 407, 1177, 237, 145, 2584, 353, 1285, 4600, 620, 727, 211, 412, 290, 4149, 807, 903, 421, 1664, 187, 567, 575, 606, 313, 287, 545, 336, 262, 232, 241, 143, 1825, 398, 1025, 678]
TFF3	536.0	[688, 968, 760, 168, 1194, 462, 48, 977, 637, 160, 539, 770, 108, 225, 598, 455, 808, 374, 267, 1245, 224, 757, 1639, 686, 177, 642, 532, 790, 1441, 1518, 291, 833, 533, 218, 379, 462, 319, 638, 525, 315, 1127, 353, 497, 715, 406, 787, 1024, 225, 751, 1245, 2782, 924, 1520, 1003, 736, 628, 408, 294, 1192, 736, 430, 223, 289, 267, 129, 191, 690, 1513, 295, 197, 287, 1613, 74, 314, 179, 289, 454, 628, 479, 519, 283, 1073, 368, 409, 736, 554, 481, 1570, 1074, 1902, 2467, 442, 319, 2342, 880, 226, 1798, 315, 590, 1119]
ZNF214	557.0	[892, 561, 388, 468, 884, 147, 655, 675, 83, 1324, 1055, 259, 1384, 375, 698, 221, 168, 232, 463, 598, 1476, 614, 1024, 1180, 643, 553, 406, 546, 635, 435, 529, 575, 636, 536, 1114, 833, 282, 1212, 745, 1086, 934, 738, 254, 248, 597, 540, 516, 1407, 543, 872, 486, 1131, 546, 312, 441, 625, 505, 456, 793, 395, 689, 1482, 189, 221, 618, 660, 456, 333, 310, 362, 229, 508, 1761, 896, 323, 107, 258, 381, 1097, 1177, 931, 612, 483, 1555, 833, 698, 603, 429, 171, 1121, 107, 1149, 712, 86, 108, 910, 517, 410, 196, 620]
CALM2	563.5	[1838, 1953, 60, 1304, 358, 569, 332, 77, 39, 2132, 76, 171, 3083, 84, 1469, 1882, 3632, 192, 2600, 621, 96, 1835, 1105, 310, 181, 2290, 629, 2932, 66, 2259, 253, 1749, 177, 209, 1071, 123, 280, 558, 2306, 460, 177, 121, 339, 1989, 913, 1740, 139, 536, 59, 825, 264, 757, 1594, 1564, 281, 1352, 63, 91, 440, 306, 427, 2892, 1871, 79, 306, 61, 526, 430, 1021, 273, 2298, 1075, 661, 40, 415, 5254, 2244, 858, 806, 391, 411, 4608, 1054, 49, 2218, 715, 770, 311, 2497, 1423, 2051, 240, 320, 620, 1280, 3912, 2143, 97, 106, 360]
IFI27	586.5	[860, 355, 473, 1034, 1755, 941, 564, 1338, 578, 1323, 1901, 640, 571, 1432, 439, 348, 1096, 245, 385, 192, 1535, 575, 649, 327, 1624, 437, 260, 615, 393, 527, 428, 299, 914, 398, 1202, 1971, 370, 304, 399, 959, 839, 644, 972, 176, 252, 1162, 322, 251, 1748, 630, 248, 533, 1336, 651, 775, 417, 192, 577, 566, 1562, 772, 2719, 490, 647, 490, 908, 377, 326, 347, 1478, 220, 551, 954, 683, 511, 846, 211, 942, 861, 342, 178, 617, 843, 236, 196, 762, 596, 718, 1107, 221, 271, 2661, 827, 848, 292, 696, 540, 535, 595, 808]
MAS1	695.5	[295, 742, 202, 484, 616, 446, 791, 229, 1748, 140, 421, 3374, 91, 447, 363, 1143, 445, 3195, 1325, 381, 401, 316, 6076, 743, 1101, 343, 1337, 339, 176, 1308, 5204, 212, 1973, 202, 390, 2834, 2498, 915, 1943, 280, 1711, 3455, 373, 284, 233, 713, 495, 678, 1335, 235, 857, 301, 1193, 119, 329, 4362, 3796, 306, 45, 660, 2965, 3863, 1408, 482, 789, 2063, 100, 255, 824, 4640, 234, 804, 310, 1744, 1116, 139, 808, 735, 1849, 66, 1473, 1277, 173, 1495, 1358, 138, 929, 137, 5787, 343, 448, 163, 714, 1071, 888, 338, 481, 2414, 125, 2846]
TFR2	773.0	[4813, 1814, 361, 649, 603, 1038, 536, 1036, 493, 677, 421, 898, 820, 577, 845, 1872, 880, 900, 846, 343, 715, 1123, 1062, 616, 1174, 701, 506, 2394, 1164, 618, 1443, 365, 833, 590, 830, 4814, 708, 882, 691, 675, 1970, 918, 793, 994, 978, 504, 797, 668, 1123, 2981, 1514, 353, 1353, 1141, 522, 1039, 617, 901, 404, 596, 794, 768, 693, 451, 555, 533, 796, 522, 1229, 828, 1065, 341, 798, 569, 1573, 483, 2041, 3267, 845, 5354, 1362, 733, 778, 660, 687, 707, 733, 715, 1427, 589, 996, 334, 501, 736, 408, 460, 360, 675, 506, 4252]
KCNIP1	841.5	[1216, 474, 4132, 2932, 4964, 969, 637, 211, 3632, 823, 881, 502, 1596, 441, 744, 2389, 396, 802, 2355, 3985, 775, 836, 1413, 255, 255, 738, 603, 169, 227, 523, 1565, 1796, 150, 3452, 512, 788, 3022, 2149, 1250, 160, 412, 721, 1300, 1627, 1470, 2588, 1534, 2444, 5522, 406, 201, 739, 600, 1338, 831, 275, 793, 1875, 1586, 200, 847, 4767, 440, 391, 383, 1016, 3645, 857, 1017, 178, 925, 138, 1307, 548, 378, 326, 191, 856, 1142, 4632, 3275, 818, 201, 2549, 1544, 1131, 3110, 761, 1073, 494, 787, 1949, 5306, 561, 5637, 393, 4012, 353, 2149, 655]
SLC26A6	893.5	[567, 592, 2334, 1137, 301, 241, 1090, 562, 552, 895, 1344, 1913, 809, 598, 467, 681, 1566, 728, 114, 733, 1582, 850, 679, 629, 914, 681, 1063, 603, 428, 2850, 1532, 987, 260, 757, 894, 1138, 400, 746, 608, 359, 287, 663, 888, 1019, 910, 648, 987, 263, 576, 1375, 832, 664, 182, 4171, 399, 891, 1295, 297, 1578, 1129, 617, 939, 656, 2216, 1828, 1620, 1130, 2967, 615, 1439, 1424, 1555, 1603, 467, 3549, 975, 1081, 2031, 802, 704, 4697, 1034, 1708, 752, 1131, 1496, 893, 903, 3798, 1814, 930, 485, 579, 1048, 391, 652, 1206, 2130, 1418, 889]
LRPAP1	907.0	[1591, 617, 2150, 567, 20, 564, 1459, 591, 662, 818, 164, 312, 4172, 1238, 203, 1356, 1160, 1671, 707, 267, 931, 16, 2568, 816, 330, 505, 4366, 291, 1222, 825, 288, 3030, 591, 1957, 157, 2816, 788, 1098, 638, 60, 937, 1782, 1196, 320, 1097, 1074, 1852, 3135, 105, 716, 269, 997, 682, 661, 497, 923, 1034, 227, 1385, 2124, 137, 411, 2185, 2159, 4643, 1752, 1254, 1592, 3140, 170, 790, 611, 1496, 613, 1901, 1711, 5280, 1269, 1234, 293, 542, 885, 499, 1218, 292, 3047, 1278, 596, 490, 689, 627, 1741, 891, 3766, 1606, 3068, 548, 3395, 1902, 19]
ICAM2	1054.5	[1881, 1488, 627, 1263, 1126, 638, 1387, 503, 164, 1162, 202, 365, 1246, 1350, 891, 282, 1179, 649, 139, 1111, 1025, 1271, 1119, 448, 332, 1858, 892, 1864, 1609, 656, 770, 1042, 356, 1492, 1336, 394, 2185, 1907, 1272, 455, 1747, 478, 2322, 724, 240, 301, 1188, 1866, 2184, 359, 2434, 2341, 1240, 914, 548, 1659, 904, 1108, 1126, 1807, 1198, 974, 465, 380, 1798, 1242, 1331, 167, 201, 1601, 318, 1822, 758, 1714, 1157, 1067, 1268, 463, 796, 601, 864, 1130, 198, 273, 475, 394, 167, 1008, 3327, 767, 1314, 367, 1394, 1152, 794, 1409, 1453, 670, 1031, 1433]
RFPL3	1070.5	[90, 39, 1768, 2095, 5, 5199, 636, 6450, 4838, 29, 4822, 5163, 6427, 295, 1032, 1690, 246, 5529, 203, 4405, 6115, 3591, 2057, 109, 1206, 135, 250, 673, 17, 736, 154, 6447, 339, 51, 345, 6465, 691, 53, 3467, 551, 1122, 1388, 4333, 3945, 6237, 63, 3337, 779, 934, 52, 3564, 5839, 243, 189, 425, 6334, 4349, 1760, 5336, 126, 2439, 393, 6469, 1240, 3550, 6220, 1098, 260, 325, 5257, 1026, 781, 5979, 101, 5472, 466, 278, 95, 436, 2733, 61, 2906, 256, 42, 6360, 83, 1043, 5913, 212, 4872, 6336, 3018, 1016, 116, 5798, 5981, 139, 136, 2012, 3861]
CHRNB3	1087.0	[938, 2326, 4115, 708, 386, 450, 628, 812, 1601, 937, 366, 499, 948, 451, 1138, 1182, 5360, 688, 612, 680, 4759, 1564, 1129, 943, 480, 898, 5218, 2444, 591, 437, 432, 255, 877, 246, 2123, 224, 4640, 393, 276, 1099, 637, 6001, 515, 606, 1790, 647, 473, 2675, 1053, 5624, 1154, 4340, 2786, 1530, 1502, 934, 2412, 409, 2351, 2668, 897, 3100, 1269, 1343, 961, 609, 1657, 1340, 1414, 344, 674, 1664, 1264, 2915, 3182, 5230, 3731, 1253, 349, 666, 983, 4412, 1177, 684, 1986, 1299, 1398, 782, 1042, 1075, 334, 967, 452, 1927, 2872, 4668, 1185, 793, 1352, 1750]
CD37	1093.0	[792, 1218, 1423, 829, 1602, 994, 1378, 374, 1026, 1864, 684, 1448, 1107, 1158, 2596, 917, 2430, 281, 532, 299, 507, 1920, 1687, 1343, 409, 1204, 1282, 911, 1077, 315, 813, 1314, 517, 524, 555, 306, 1436, 3488, 1511, 1715, 478, 1049, 1751, 1646, 824, 446, 899, 402, 1091, 688, 1710, 4948, 323, 1647, 754, 1363, 3794, 487, 1347, 1268, 928, 3031, 983, 2669, 2601, 828, 926, 190, 698, 1647, 556, 1069, 386, 2243, 489, 767, 2859, 1698, 1265, 2523, 1085, 846, 2262, 3245, 3802, 655, 2677, 1095, 525, 528, 2296, 2673, 2009, 3831, 1186, 2127, 490, 3289, 887, 161]
C4A	1093.5	[402, 1158, 650, 96, 223, 2376, 174, 399, 1908, 1424, 427, 2522, 1897, 185, 2076, 4606, 1445, 258, 5509, 1183, 270, 574, 2037, 377, 816, 398, 663, 2625, 1713, 452, 1909, 5020, 197, 216, 240, 1729, 1724, 350, 487, 662, 1409, 3775, 771, 5055, 2798, 1518, 191, 5654, 3665, 189, 2800, 1444, 1511, 651, 2287, 4993, 486, 415, 478, 247, 1948, 315, 352, 6129, 316, 667, 2724, 2566, 3249, 3402, 2203, 195, 2912, 684, 1860, 5513, 157, 435, 142, 59, 264, 605, 108, 1029, 790, 681, 3533, 107, 1487, 5440, 6080, 4009, 4107, 267, 2389, 197, 1889, 1740, 3043, 646]
VAPB	1094.5	[802, 1296, 3030, 1173, 1274, 2736, 1993, 1319, 485, 588, 504, 367, 977, 1664, 914, 1426, 998, 947, 860, 751, 1824, 1618, 897, 1071, 1130, 1889, 1826, 1444, 968, 675, 2246, 632, 519, 1095, 1168, 610, 1065, 813, 662, 768, 843, 858, 1653, 1108, 287, 1778, 566, 1869, 713, 1094, 1615, 1299, 1483, 2044, 512, 930, 1174, 2546, 841, 525, 1794, 547, 799, 1052, 2856, 1468, 954, 938, 4209, 613, 1293, 640, 1665, 1414, 1647, 1389, 1019, 729, 2132, 1060, 946, 2084, 2115, 1426, 1821, 871, 987, 1969, 2033, 1618, 939, 1223, 2633, 1016, 879, 1538, 1398, 1631, 938, 591]
SEC24D	1116.5	[1121, 1303, 1099, 565, 144, 1073, 3445, 1530, 3761, 3261, 595, 1037, 1290, 846, 929, 1168, 1087, 1616, 811, 788, 541, 1086, 2290, 1808, 3166, 2598, 4115, 799, 76, 1599, 1563, 1259, 2852, 1067, 994, 857, 1846, 832, 996, 507, 770, 2636, 1017, 887, 1415, 2457, 371, 228, 985, 821, 976, 1278, 3253, 1328, 1026, 657, 1197, 1739, 1202, 2197, 1414, 1865, 1823, 1112, 1826, 2505, 404, 1338, 466, 2786, 676, 1838, 1469, 526, 669, 333, 1069, 3090, 2661, 554, 3545, 1913, 322, 1391, 822, 1199, 875, 1926, 1086, 487, 426, 939, 1172, 1072, 2334, 871, 1771, 1579, 5551, 1088]
SMARCB1	1211.0	[3273, 3436, 281, 3615, 2871, 2039, 1397, 889, 1020, 645, 276, 780, 1429, 669, 1735, 1391, 3206, 1618, 241, 805, 944, 2812, 846, 3022, 1563, 948, 1885, 534, 476, 2384, 3361, 745, 2283, 723, 120, 140, 1766, 3111, 1747, 508, 1516, 214, 379, 341, 638, 1569, 2551, 292, 3393, 1761, 118, 1625, 74, 2009, 575, 1715, 288, 1215, 2621, 3043, 1700, 2514, 837, 2526, 759, 1243, 1023, 611, 1047, 177, 774, 177, 1901, 1247, 158, 205, 1630, 2290, 2830, 982, 3009, 2509, 2540, 399, 272, 2635, 1276, 463, 362, 3285, 1084, 1038, 2223, 1207, 1326, 1072, 448, 93, 2650, 489]
BCL7B	1212.5	[827, 1116, 261, 739, 1802, 3211, 3185, 1177, 504, 587, 2207, 4856, 887, 420, 469, 2059, 1753, 815, 1261, 778, 5097, 1275, 2517, 5643, 359, 2109, 519, 471, 1235, 3394, 1190, 2040, 784, 4297, 895, 2913, 829, 2958, 773, 420, 1361, 4672, 848, 1118, 1373, 429, 561, 852, 765, 2131, 232, 2432, 2333, 1777, 1988, 3120, 2921, 1027, 249, 1764, 1066, 549, 866, 705, 2006, 3451, 1268, 693, 4070, 1156, 2593, 470, 2797, 1762, 930, 3920, 1744, 598, 4326, 1654, 1143, 5022, 3864, 380, 828, 673, 5404, 1087, 1069, 3084, 1108, 1369, 3376, 2417, 995, 6163, 964, 803, 5619, 851]
LCP1	1239.5	[5714, 100, 760, 3208, 5890, 4401, 4920, 5186, 3546, 86, 117, 124, 5065, 1276, 6172, 2465, 3603, 282, 4641, 4330, 157, 3227, 1594, 10, 3461, 2699, 2697, 135, 95, 1120, 4029, 359, 181, 1830, 4250, 1252, 170, 23, 92, 459, 46, 87, 1372, 1493, 4315, 14, 300, 42, 5715, 270, 1957, 4132, 3341, 1730, 635, 4802, 4630, 386, 4639, 4793, 950, 2376, 38, 144, 39, 68, 35, 18, 4240, 142, 2721, 14, 124, 650, 5512, 716, 4237, 96, 957, 682, 1111, 137, 1092, 4919, 101, 5300, 4154, 194, 1635, 1227, 272, 3695, 1782, 467, 70, 6079, 179, 2958, 1323, 2202]
AMPD2	1243.5	[1298, 1180, 2047, 1528, 464, 1379, 692, 921, 1720, 1161, 600, 1556, 1478, 616, 1771, 1189, 769, 916, 1054, 1105, 2373, 1356, 2013, 1454, 1238, 1553, 1320, 1352, 1342, 1593, 942, 971, 1154, 1740, 1612, 874, 1981, 1863, 1090, 1791, 1126, 469, 1646, 830, 1224, 1401, 1127, 850, 1274, 1624, 1406, 1796, 942, 2716, 2666, 2509, 676, 683, 1313, 1425, 1190, 1023, 2182, 841, 1502, 1595, 1249, 1325, 2504, 696, 1512, 456, 402, 457, 810, 1474, 1425, 758, 2238, 872, 502, 994, 1215, 937, 1521, 1259, 1130, 1520, 1682, 748, 1091, 979, 868, 1472, 1033, 218, 1623, 1155, 895, 1590]
ERBB2	1324.5	[3373, 1435, 556, 1885, 1131, 1265, 1312, 2541, 745, 1420, 2771, 1162, 1827, 423, 1041, 2688, 808, 2476, 3436, 189, 1259, 1523, 3777, 1151, 1927, 1371, 1729, 2591, 1321, 2907, 358, 1746, 911, 475, 432, 758, 328, 106, 2298, 1246, 386, 628, 2587, 801, 1402, 3125, 280, 3442, 583, 704, 576, 2619, 1064, 769, 1480, 1141, 1328, 1359, 937, 1752, 1652, 2042, 4757, 64, 2057, 753, 1285, 1316, 238, 1347, 1204, 931, 1083, 2219, 830, 1919, 2033, 632, 2914, 881, 2135, 479, 1378, 1064, 435, 3496, 1355, 2275, 1419, 2614, 1917, 3322, 338, 4422, 1675, 1859, 1262, 1075, 2861, 364]
KCNAB1	1341.5	[680, 1353, 1482, 750, 1166, 1111, 1716, 2252, 2235, 1387, 1360, 2876, 1129, 3061, 1445, 1296, 2164, 3820, 789, 726, 1922, 507, 1444, 997, 1783, 1618, 1258, 1075, 945, 621, 308, 2617, 868, 1643, 666, 1362, 1239, 1676, 832, 1333, 756, 2070, 1534, 1460, 735, 1753, 1368, 1412, 1140, 648, 1289, 870, 1239, 1697, 2232, 1988, 1172, 2434, 1933, 1350, 1134, 1577, 970, 478, 1289, 1229, 1387, 764, 535, 1370, 1585, 929, 924, 1683, 689, 1881, 2036, 1365, 1268, 742, 1753, 1934, 1468, 2419, 1984, 954, 1227, 923, 999, 2399, 869, 1029, 3029, 1707, 738, 1220, 1877, 1698, 1007, 1296]
RBP1	1362.5	[196, 799, 518, 536, 4156, 1348, 793, 249, 2044, 1324, 969, 443, 1159, 2726, 1035, 4290, 1966, 3014, 699, 3585, 2762, 420, 802, 797, 703, 2548, 397, 341, 1206, 1550, 1993, 146, 293, 3457, 1364, 4553, 142, 2401, 3957, 889, 2431, 2553, 2326, 2295, 1776, 311, 219, 2827, 1983, 2844, 1599, 122, 352, 4423, 4364, 1323, 1877, 1022, 2293, 1728, 70, 1259, 755, 4264, 897, 262, 4651, 5045, 158, 2091, 1177, 41, 3717, 3809, 4386, 486, 319, 1162, 4908, 97, 4270, 4815, 625, 1532, 4483, 2638, 2153, 1361, 190, 2744, 28, 211, 54, 665, 3334, 3820, 3246, 973, 2200, 1730]
PTAFR	1372.0	[455, 1505, 1150, 836, 435, 1122, 5052, 1602, 1308, 940, 2305, 2268, 1493, 815, 1036, 1711, 1182, 1538, 3305, 4487, 765, 483, 4189, 2945, 2277, 3999, 2445, 2118, 5835, 1496, 2927, 863, 989, 1262, 412, 2347, 2574, 555, 776, 1542, 2134, 1352, 721, 343, 1541, 535, 794, 1714, 1207, 1947, 1168, 796, 1143, 1660, 590, 1045, 1394, 3931, 1510, 1347, 1898, 940, 748, 1948, 848, 4815, 1199, 4636, 3047, 794, 965, 2340, 375, 2166, 132, 1980, 1539, 1145, 240, 1589, 1357, 665, 4506, 812, 823, 900, 2388, 2215, 818, 909, 2476, 1154, 1263, 1695, 3549, 1387, 1395, 2855, 538, 1972]
GRIN2A	1409.0	[1686, 433, 1219, 1378, 1530, 1514, 3713, 2677, 1896, 2863, 872, 1993, 682, 1126, 1192, 1223, 2028, 569, 1368, 2028, 2866, 520, 1898, 672, 3351, 1830, 1234, 1796, 1259, 1927, 1094, 2932, 1054, 651, 1329, 760, 1287, 1082, 2433, 1136, 645, 1220, 1768, 599, 2748, 934, 1743, 434, 2422, 1823, 1968, 1129, 2196, 688, 1885, 2283, 2241, 1400, 1346, 1496, 2046, 387, 1621, 1287, 2376, 2335, 1439, 890, 1137, 2617, 1637, 2138, 593, 1687, 1433, 1284, 2712, 1563, 1824, 1775, 1669, 1092, 2049, 2274, 888, 527, 285, 381, 889, 1802, 1755, 1468, 1095, 1267, 1418, 1317, 1065, 881, 1061, 271]
KRT19	1431.5	[2377, 3813, 400, 3198, 2883, 222, 885, 433, 1403, 3157, 3026, 3099, 2232, 4876, 2031, 932, 1348, 1583, 367, 1087, 1978, 833, 537, 3055, 4085, 2966, 2474, 1549, 292, 1479, 2423, 673, 295, 1585, 978, 653, 5076, 3836, 139, 2517, 1770, 380, 92, 3857, 1957, 1049, 180, 4949, 2581, 297, 818, 832, 504, 583, 3682, 269, 1553, 1451, 583, 3222, 1461, 4057, 1293, 824, 626, 2022, 1807, 1412, 936, 95, 4694, 221, 689, 296, 78, 2209, 143, 2589, 671, 1144, 392, 1764, 4279, 1118, 3097, 1108, 765, 289, 105, 366, 265, 2748, 1532, 3168, 2953, 1988, 957, 2223, 4132, 3182]
MYO5B	1446.5	[1359, 2454, 3145, 1052, 3024, 2684, 589, 1105, 4177, 1114, 612, 686, 2467, 726, 2528, 1176, 1918, 568, 495, 141, 848, 428, 2128, 3741, 1156, 2158, 2012, 334, 3252, 1268, 3367, 1024, 2236, 1498, 2038, 2612, 3189, 690, 2038, 1801, 1754, 1091, 482, 3048, 248, 472, 1209, 2260, 2171, 3407, 1842, 2797, 958, 1215, 940, 1673, 1756, 181, 3637, 540, 1438, 2168, 1420, 2571, 2869, 2400, 3416, 1536, 2384, 2566, 454, 1036, 2134, 487, 1025, 2441, 1306, 562, 2095, 2622, 354, 743, 445, 1658, 1455, 449, 854, 1044, 1328, 2598, 921, 291, 636, 1459, 2677, 1306, 782, 2314, 1244, 1852]
CTAG2	1475.5	[5046, 2992, 554, 615, 2028, 692, 4355, 1939, 5543, 5179, 697, 237, 636, 4725, 2046, 134, 306, 2680, 1718, 552, 202, 744, 28, 2475, 5181, 664, 571, 1158, 58, 91, 6436, 1105, 155, 3774, 4113, 3100, 4899, 4118, 1709, 1217, 451, 4070, 3173, 1205, 6112, 970, 410, 4184, 5502, 322, 75, 353, 1947, 918, 2524, 174, 381, 5683, 1106, 701, 1130, 2878, 3012, 4583, 800, 1090, 2339, 1007, 5942, 3106, 5640, 5565, 5656, 3824, 2734, 3103, 1187, 242, 1494, 954, 414, 1097, 240, 3192, 3235, 37, 1457, 1156, 254, 3010, 406, 716, 389, 6170, 4245, 74, 6094, 5936, 1503, 1600]
MYB	1602.5	[1183, 1014, 1501, 1700, 1814, 932, 1686, 1262, 1252, 1339, 1376, 2165, 1623, 3004, 2078, 1628, 1681, 2418, 1185, 1222, 1174, 887, 1357, 2949, 1753, 1651, 1099, 1284, 1012, 1986, 1238, 776, 1532, 2160, 649, 2379, 1976, 1154, 1007, 1633, 2077, 1582, 1991, 1138, 2244, 2050, 2310, 659, 1352, 1269, 983, 1371, 3087, 1803, 1028, 2382, 1623, 1201, 977, 2542, 2534, 1682, 1154, 2037, 1006, 1437, 2097, 2168, 1102, 2791, 901, 1296, 1824, 2648, 967, 2271, 1581, 1963, 1466, 1638, 2446, 2088, 941, 617, 1865, 2493, 2851, 1726, 1108, 2097, 2410, 1172, 1306, 1623, 1033, 775, 2958, 1283, 1468, 2521]
MAP4K1	1833.5	[294, 966, 3356, 1515, 988, 3136, 3979, 1969, 1852, 2143, 2321, 2240, 4453, 2108, 1558, 2529, 1855, 1005, 1034, 4701, 2360, 1771, 482, 446, 1322, 4142, 1383, 1103, 3060, 2796, 1796, 1839, 1285, 2395, 1398, 5212, 1765, 1774, 973, 3289, 1805, 673, 1722, 815, 2032, 841, 368, 2487, 1407, 1322, 2495, 977, 1028, 2577, 1948, 2712, 463, 1919, 2178, 959, 3068, 1120, 2700, 1232, 511, 1783, 1158, 1460, 527, 702, 2920, 1713, 3917, 2882, 2102, 2797, 2223, 461, 2185, 1312, 1341, 432, 1907, 1688, 1604, 2360, 1079, 1814, 3072, 1706, 4504, 2034, 2308, 1828, 2538, 1922, 3149, 2927, 2244, 2120]
REC8	1934.5	[1992, 486, 3334, 6170, 2671, 1416, 253, 1041, 5186, 3144, 1846, 106, 2155, 4012, 1224, 4477, 3374, 1260, 3890, 3278, 899, 1125, 4568, 2488, 4725, 2276, 3530, 1877, 1258, 2563, 6099, 212, 5105, 331, 3249, 471, 1422, 2012, 4245, 1350, 1487, 2629, 1531, 527, 295, 328, 1161, 1464, 3689, 862, 4276, 199, 1075, 1636, 1310, 4693, 134, 3283, 1084, 1727, 445, 4550, 3405, 917, 1518, 2641, 570, 5248, 2338, 432, 516, 1446, 5401, 3493, 2001, 2452, 2201, 97, 3499, 252, 2262, 1277, 1401, 848, 4896, 3247, 2698, 1018, 1866, 1703, 742, 856, 3938, 4178, 2871, 3491, 3542, 3581, 3365, 807]
MYO5A	2029.5	[2446, 1189, 1839, 853, 2233, 1701, 1962, 3550, 2482, 1886, 2457, 2670, 2292, 2031, 2457, 2232, 2667, 2236, 3397, 2074, 2772, 1884, 2007, 3102, 1923, 788, 1369, 1365, 1157, 2278, 2899, 1644, 974, 2913, 2293, 629, 2324, 964, 1453, 2028, 1251, 1069, 2057, 2191, 1658, 2163, 1995, 1320, 1689, 2251, 3282, 2507, 2587, 2257, 2149, 2586, 1687, 998, 1718, 855, 747, 1876, 2058, 2351, 2012, 2299, 1959, 1966, 2790, 2254, 1963, 1022, 2929, 2402, 2652, 536, 1831, 2247, 1171, 2268, 1236, 2235, 837, 1238, 2632, 977, 2329, 1435, 1893, 2142, 1636, 3316, 2589, 1760, 1093, 2894, 2364, 2012, 2530, 1441]
KRT1	2086.5	[1105, 507, 1806, 2897, 565, 1981, 272, 285, 1499, 5460, 1172, 1466, 6169, 5798, 4263, 425, 1016, 137, 3178, 2816, 2623, 4073, 6044, 3187, 2010, 1658, 3891, 146, 5659, 705, 4242, 1082, 2947, 5159, 647, 684, 3508, 1757, 794, 3853, 3051, 4224, 693, 261, 5120, 92, 147, 77, 805, 4229, 4072, 2035, 1654, 137, 1256, 5387, 3752, 983, 5807, 1689, 3430, 3872, 4836, 1402, 3163, 307, 737, 4375, 1587, 1325, 4649, 95, 2632, 1497, 2356, 1542, 5430, 349, 2224, 2845, 4044, 2138, 3716, 428, 5323, 1533, 1073, 4742, 3197, 4549, 6009, 1280, 3268, 3669, 3626, 5647, 123, 1456, 1811, 4223]
LRMP	2115.5	[1903, 2008, 2217, 1463, 2299, 1951, 1394, 1828, 2810, 2331, 1297, 2443, 1957, 1803, 1244, 2569, 2306, 2735, 1243, 2363, 1696, 1880, 2166, 2386, 1576, 2511, 1659, 2524, 2108, 2139, 1745, 2603, 2264, 2184, 2433, 1956, 722, 2325, 2329, 1118, 2360, 2384, 1310, 1512, 3187, 1811, 3253, 2111, 1691, 1302, 1993, 1543, 2002, 2966, 2533, 2498, 1881, 2936, 2809, 2008, 2217, 2369, 2149, 1754, 2395, 2776, 1794, 1458, 3153, 2982, 2326, 1307, 1784, 1834, 2305, 1135, 1828, 3318, 4115, 2205, 2256, 2562, 2119, 2326, 2111, 1970, 1857, 2238, 2479, 2093, 2132, 2112, 1753, 1500, 1813, 1855, 1513, 2179, 2153, 1946]
SIX1	2279.0	[2187, 2143, 1567, 2615, 1936, 1461, 2519, 2278, 2213, 3823, 1362, 1927, 1530, 1106, 2300, 2018, 1983, 1751, 2631, 1766, 2308, 1011, 2131, 2880, 1619, 3275, 2944, 1959, 2141, 3845, 1771, 1201, 4807, 2479, 5236, 3609, 3064, 3269, 1609, 3981, 2881, 1509, 3718, 1761, 1131, 3794, 1981, 631, 808, 2074, 4886, 2440, 3780, 1073, 980, 520, 2065, 2744, 3598, 1145, 1547, 3313, 2898, 2230, 1082, 3997, 2736, 2623, 2474, 4434, 2503, 4219, 4034, 2259, 555, 3811, 4748, 2280, 3435, 3517, 1892, 1011, 3553, 2727, 1655, 2129, 2799, 4479, 868, 2314, 237, 2072, 1507, 1984, 3112, 3400, 1330, 2682, 2591, 2392]
GRP	2733.0	[4819, 1572, 2400, 5137, 4418, 3212, 4898, 3264, 2365, 2340, 559, 4954, 2941, 1467, 5611, 4308, 1395, 4483, 2376, 1462, 4877, 3745, 4008, 2811, 280, 1678, 1650, 2292, 1118, 3646, 1815, 4194, 3301, 1960, 382, 2565, 1804, 3653, 3603, 1098, 4617, 2788, 2202, 1994, 896, 1960, 2867, 3564, 3508, 2643, 5396, 1018, 3478, 2457, 4989, 1838, 4335, 174, 2002, 2056, 2704, 4858, 2762, 2059, 2907, 3190, 4232, 1647, 3790, 2181, 884, 92, 2201, 930, 4892, 1540, 867, 3384, 3703, 3395, 4550, 5290, 4745, 1712, 2562, 2584, 570, 940, 3182, 1571, 4353, 5145, 5052, 1579, 2971, 3975, 150, 3631, 4994, 241]
PARG	2893.5	[3217, 1744, 956, 732, 1351, 483, 4737, 3601, 4387, 4440, 2168, 134, 1050, 4175, 4193, 880, 1574, 2437, 2885, 4339, 107, 1550, 4889, 1618, 5172, 1228, 2300, 129, 5781, 4995, 1216, 4402, 3388, 5415, 865, 5105, 1605, 3280, 5332, 759, 5128, 1810, 1890, 2413, 4225, 2383, 6316, 268, 4270, 2608, 3346, 5960, 5777, 1083, 5549, 2902, 402, 4447, 5017, 1510, 5970, 70, 2835, 4980, 706, 2030, 654, 4153, 5041, 3838, 1873, 463, 5820, 432, 5669, 4752, 4842, 166, 4464, 303, 1752, 398, 1076, 2188, 4334, 1814, 1886, 5317, 5023, 2839, 5303, 3275, 6113, 501, 5080, 5135, 3469, 5169, 5987, 144]
CHGB	3078.0	[401, 5770, 4152, 1754, 4473, 5143, 5336, 6317, 1459, 4970, 6194, 547, 2611, 2376, 2818, 298, 5885, 999, 5976, 3970, 2263, 118, 6267, 2276, 9, 4231, 5542, 4347, 6064, 278, 12, 115, 5653, 17, 979, 3786, 4518, 5771, 2851, 4296, 68, 3795, 112, 350, 844, 6381, 1688, 997, 5869, 523, 2133, 3045, 4474, 1952, 4947, 5539, 4864, 246, 533, 158, 967, 5401, 5226, 4627, 4607, 136, 5750, 3748, 362, 1465, 1180, 5689, 1772, 4312, 3844, 4159, 3821, 719, 3957, 3327, 1221, 2048, 4068, 4304, 5872, 191, 5606, 3032, 1934, 1253, 5506, 174, 3111, 1543, 6392, 5419, 2519, 276, 3955, 137]
GAGE7	3221.5	[5562, 5564, 5976, 5263, 5866, 721, 455, 4628, 2657, 2751, 5804, 2456, 3715, 2083, 496, 686, 5601, 4950, 1717, 2479, 2034, 204, 5273, 265, 6253, 1250, 6187, 1130, 6447, 835, 5807, 4534, 685, 6444, 5018, 4164, 2302, 1872, 5995, 1342, 1181, 1468, 5611, 1379, 891, 4156, 4917, 6418, 725, 1811, 787, 6218, 680, 5071, 6249, 3272, 1983, 366, 3952, 3311, 1535, 5625, 4267, 2634, 3787, 2691, 153, 1430, 260, 2024, 5320, 5675, 423, 6238, 6034, 3171, 4924, 434, 5742, 1571, 6246, 973, 6450, 1382, 3151, 859, 5270, 3638, 1753, 5072, 980, 4131, 6449, 6185, 423, 504, 6222, 6144, 549, 4719]
ZNF124	3489.5	[4603, 3300, 3696, 5852, 1580, 4566, 2769, 4821, 1715, 5176, 2904, 889, 3747, 4349, 4294, 2078, 1685, 1741, 4310, 287, 4788, 4678, 2838, 2198, 2045, 476, 1995, 1603, 5920, 2102, 5673, 277, 416, 953, 5747, 6081, 4636, 4979, 4339, 850, 4174, 4204, 2888, 48, 3471, 6102, 3481, 5240, 3498, 3306, 1709, 2349, 5557, 4362, 2307, 3703, 3905, 649, 2872, 385, 4903, 4758, 4491, 4665, 3753, 4341, 1988, 5490, 3138, 1392, 211, 4348, 500, 917, 1378, 1087, 2739, 718, 3623, 5091, 2809, 3568, 4106, 2714, 5157, 682, 3762, 4558, 929, 5796, 5524, 6251, 987, 4843, 3254, 3211, 4764, 4858, 2748, 4174]
CDH17	3672.0	[4490, 5997, 1822, 2342, 3417, 3430, 2001, 4706, 5296, 4884, 4441, 373, 1983, 3694, 4539, 4161, 2467, 4305, 1850, 3126, 4354, 3584, 4041, 3939, 3767, 3323, 4957, 4207, 4281, 2882, 2580, 2025, 3203, 5857, 1908, 2716, 2028, 3167, 5255, 3856, 3485, 4156, 3596, 5656, 671, 3153, 1144, 3500, 3930, 1403, 1116, 1593, 3650, 4232, 1754, 4877, 5947, 3642, 4563, 5043, 1746, 635, 1780, 4230, 4219, 5054, 3433, 4310, 4208, 2715, 1112, 4297, 4039, 3910, 4706, 2172, 1204, 2263, 518, 5300, 4471, 4379, 5152, 1215, 1790, 5535, 3129, 4930, 1644, 1754, 3265, 6011, 4779, 749, 5391, 4664, 4054, 1178, 3892, 5734]
EVI5	3728.5	[4387, 4569, 5244, 4229, 4819, 2943, 2948, 1332, 3476, 1997, 5215, 1874, 2689, 4011, 4491, 4684, 4193, 4926, 4118, 2606, 3487, 2841, 3718, 3302, 5167, 4207, 2132, 5067, 2714, 4532, 5184, 4620, 4255, 2202, 4113, 2512, 2686, 4562, 3173, 3777, 3757, 4019, 3519, 2728, 3990, 2023, 4613, 3544, 3382, 4666, 4486, 3080, 2362, 2890, 4483, 3034, 3756, 2170, 5169, 5386, 4114, 3740, 3254, 3439, 4081, 2830, 4791, 4748, 2937, 2371, 3739, 2470, 1018, 1305, 3781, 2200, 5297, 3466, 5533, 5206, 3009, 3748, 2930, 2843, 1615, 4619, 5286, 5467, 4878, 3870, 3318, 4579, 4853, 1319, 2381, 3027, 3246, 2738, 2772, 3285]
RBP3	4098.5	[5698, 2957, 1466, 3040, 3221, 2333, 2609, 5403, 2360, 6370, 1603, 3137, 6389, 1225, 6061, 6484, 2962, 6475, 5282, 2844, 5003, 1024, 2825, 2530, 5495, 6272, 1196, 6467, 6184, 6165, 5869, 5985, 6278, 4979, 5834, 2937, 6404, 670, 3760, 5887, 4264, 3216, 5303, 6264, 2427, 3551, 5483, 5128, 5894, 5585, 2435, 3974, 2076, 6466, 6283, 3990, 4407, 7, 5710, 2383, 1357, 5802, 6146, 3587, 5508, 262, 6362, 6415, 1120, 2264, 100, 12, 156, 6224, 3976, 4638, 1096, 3124, 4207, 6185, 6473, 5774, 252, 6391, 2812, 5239, 2376, 5164, 2192, 89, 4530, 2651, 153, 2052, 2640, 1832, 352, 6308, 4834, 5279]
ATOH1	4100.5	[462, 4180, 1343, 4950, 5990, 426, 5855, 5829, 831, 361, 5801, 848, 4324, 1707, 3050, 5197, 562, 4486, 375, 4801, 4102, 6120, 497, 5969, 1242, 5999, 5948, 1811, 4705, 3342, 325, 650, 6071, 4748, 6269, 1186, 3840, 6159, 5876, 931, 4330, 2652, 1165, 715, 5765, 5784, 396, 779, 6011, 1043, 4099, 5446, 6088, 6271, 342, 6076, 5388, 4939, 4175, 3851, 171, 1574, 4915, 603, 4675, 350, 1116, 4404, 891, 4340, 4844, 5916, 5583, 1031, 3307, 6320, 4921, 5725, 3622, 2368, 5625, 4193, 573, 129, 181, 924, 544, 1290, 748, 6055, 5653, 2100, 6029, 2818, 6005, 6090, 1488, 2560, 367, 5751]
GPR12	4263.0	[144, 162, 5536, 386, 361, 5774, 1111, 5606, 1517, 5972, 5655, 203, 5914, 4225, 392, 5793, 5469, 696, 121, 5784, 163, 5215, 4116, 5747, 125, 5310, 5772, 5723, 2050, 5949, 1673, 5906, 4653, 2426, 2703, 5894, 3018, 5621, 700, 2207, 5110, 1675, 5405, 451, 4950, 5037, 5382, 265, 290, 5837, 3845, 213, 1700, 4563, 2490, 203, 5800, 5490, 4958, 2395, 4522, 5395, 5865, 5153, 335, 1676, 1092, 2118, 465, 5377, 5601, 4974, 398, 5629, 5529, 5846, 798, 5310, 3703, 241, 3568, 641, 1290, 5144, 5678, 3164, 332, 5847, 4586, 714, 77, 790, 6045, 582, 4589, 4301, 4528, 5009, 5877, 2917]
IDH3G	4272.5	[6022, 5499, 3917, 3942, 4573, 4881, 4488, 4313, 5532, 890, 2296, 6194, 6002, 6003, 3661, 5020, 4985, 985, 5588, 2556, 3025, 875, 4908, 5489, 2663, 1882, 3563, 2650, 4077, 326, 2336, 4529, 6263, 3578, 3047, 5023, 4998, 3669, 4796, 5414, 5402, 957, 5696, 2098, 4284, 5523, 5232, 3569, 4443, 5798, 5365, 3171, 2602, 3601, 5669, 2721, 2061, 5977, 44, 3546, 5588, 3827, 593, 160, 3084, 6124, 6178, 4261, 5634, 1250, 3697, 6014, 3218, 5521, 4989, 1190, 1913, 6339, 4665, 2132, 597, 1123, 5431, 5984, 2261, 454, 4723, 6090, 113, 4002, 6090, 5419, 4527, 5217, 3259, 2499, 23, 5863, 5211, 2664]
