Gene	Median Rank	Full Ranks
DAZ4	10.0	[10, 13, 10, 10, 12, 17, 10, 11, 10, 10, 10, 10, 7, 10, 10, 12, 10, 11, 10, 10, 10, 10, 10, 11, 10, 8, 11, 10, 12, 7, 10, 10, 10, 11, 10, 10, 9, 12, 10, 10, 10, 12, 10, 10, 7, 10, 10, 11, 10, 10, 10, 10, 10, 10, 7, 11, 11, 11, 10, 10, 7, 10, 11, 10, 10, 10, 13, 10, 10, 11, 10, 9, 10, 10, 10, 14, 11, 10, 7, 10, 21, 10, 11, 10, 10, 10, 8, 10, 10, 11, 10, 10, 13, 10, 10, 10, 10, 10, 11, 10]
OR2S2	15.0	[19, 15, 10, 20, 13, 15, 13, 14, 15, 14, 10, 11, 14, 19, 17, 12, 12, 24, 13, 17, 20, 12, 12, 12, 16, 12, 18, 10, 11, 19, 18, 12, 17, 22, 13, 18, 12, 12, 10, 19, 13, 12, 25, 12, 18, 14, 11, 12, 17, 17, 16, 11, 11, 24, 12, 16, 20, 18, 16, 17, 16, 16, 13, 12, 13, 16, 20, 18, 18, 17, 10, 19, 11, 11, 23, 9, 13, 11, 14, 30, 11, 13, 19, 14, 20, 14, 12, 20, 11, 19, 17, 18, 20, 14, 26, 17, 15, 11, 964, 20]
OR52A1	69.5	[69, 73, 105, 39, 98, 67, 130, 53, 65, 33, 42, 116, 50, 48, 122, 196, 114, 40, 72, 76, 42, 71, 93, 111, 37, 62, 70, 111, 172, 108, 48, 92, 96, 62, 88, 44, 36, 61, 69, 56, 43, 71, 65, 37, 40, 104, 47, 91, 114, 70, 87, 33, 38, 78, 34, 43, 75, 78, 115, 116, 102, 75, 37, 47, 36, 115, 95, 63, 58, 43, 66, 183, 77, 48, 89, 40, 126, 79, 31, 47, 38, 93, 66, 94, 35, 40, 120, 145, 123, 140, 80, 42, 61, 40, 95, 40, 149, 153, 56, 42]
CDC42BPB	104.0	[75, 36, 98, 167, 116, 78, 244, 103, 135, 72, 108, 61, 115, 50, 103, 198, 199, 68, 88, 95, 216, 69, 151, 71, 145, 130, 133, 130, 57, 53, 380, 97, 81, 318, 243, 141, 165, 70, 75, 120, 85, 674, 199, 70, 80, 71, 146, 148, 156, 242, 71, 114, 76, 104, 122, 87, 67, 63, 160, 213, 74, 73, 64, 112, 86, 70, 161, 102, 143, 105, 85, 115, 34, 94, 125, 128, 100, 54, 49, 77, 247, 59, 139, 45, 84, 33, 194, 180, 146, 150, 108, 133, 71, 104, 134, 155, 160, 215, 104, 82]
CPB1	116.0	[230, 116, 80, 55, 99, 313, 100, 91, 139, 101, 174, 156, 145, 115, 123, 100, 83, 143, 133, 122, 130, 90, 106, 206, 95, 122, 311, 134, 110, 95, 140, 118, 134, 102, 123, 111, 43, 147, 182, 98, 94, 142, 116, 137, 132, 112, 147, 83, 432, 139, 154, 136, 285, 115, 131, 104, 125, 101, 205, 174, 121, 151, 160, 60, 116, 106, 125, 103, 103, 147, 98, 96, 102, 116, 77, 99, 111, 115, 92, 155, 145, 62, 107, 95, 73, 103, 136, 66, 113, 114, 143, 94, 286, 91, 155, 99, 78, 109, 163, 135]
OR10H2	147.0	[255, 61, 63, 59, 147, 232, 256, 83, 121, 98, 260, 203, 70, 77, 110, 100, 98, 292, 155, 161, 147, 295, 207, 231, 207, 143, 119, 168, 288, 142, 184, 76, 170, 77, 331, 187, 280, 174, 289, 54, 198, 159, 263, 120, 88, 118, 188, 168, 61, 221, 93, 100, 346, 144, 138, 152, 96, 187, 139, 53, 296, 147, 110, 234, 79, 67, 297, 78, 216, 44, 63, 125, 177, 80, 88, 290, 185, 142, 174, 79, 129, 47, 79, 140, 109, 252, 383, 366, 96, 48, 398, 164, 167, 124, 207, 212, 117, 278, 322, 68]
PZP	160.0	[152, 210, 200, 115, 335, 302, 285, 128, 117, 106, 63, 225, 151, 153, 153, 221, 91, 153, 165, 180, 207, 160, 261, 144, 179, 150, 90, 115, 160, 125, 160, 149, 244, 127, 100, 117, 360, 313, 173, 173, 131, 140, 175, 120, 292, 148, 153, 149, 189, 204, 285, 147, 254, 175, 219, 144, 159, 113, 233, 114, 204, 131, 285, 183, 131, 160, 130, 179, 196, 128, 128, 156, 189, 200, 165, 163, 153, 202, 145, 243, 135, 115, 175, 150, 148, 166, 148, 115, 155, 121, 173, 181, 116, 225, 419, 223, 162, 159, 292, 170]
RBP3	210.0	[246, 153, 199, 611, 212, 26, 198, 371, 175, 229, 496, 623, 397, 172, 198, 344, 151, 367, 334, 145, 73, 182, 232, 314, 143, 243, 478, 146, 122, 51, 426, 257, 308, 494, 890, 31, 208, 116, 276, 487, 248, 31, 420, 163, 335, 279, 33, 159, 156, 167, 129, 175, 6494, 199, 391, 159, 421, 193, 114, 34, 629, 289, 133, 187, 242, 138, 155, 103, 371, 233, 382, 225, 196, 122, 90, 43, 263, 516, 223, 132, 159, 195, 170, 254, 365, 437, 275, 103, 598, 153, 237, 34, 217, 890, 799, 138, 479, 133, 422, 4]
ATOH1	239.5	[179, 357, 248, 231, 224, 236, 126, 204, 111, 257, 172, 154, 144, 292, 194, 220, 247, 323, 336, 399, 166, 241, 258, 396, 196, 229, 840, 331, 310, 299, 357, 185, 572, 282, 214, 215, 369, 186, 263, 313, 300, 177, 295, 165, 320, 189, 289, 238, 215, 138, 234, 238, 211, 130, 152, 262, 243, 283, 205, 233, 217, 310, 379, 278, 149, 182, 188, 183, 319, 248, 237, 150, 144, 470, 218, 253, 140, 288, 486, 141, 516, 262, 189, 187, 293, 153, 347, 250, 241, 3321, 352, 248, 124, 237, 225, 278, 300, 220, 272, 267]
KCNJ1	246.0	[300, 292, 836, 307, 436, 233, 230, 267, 76, 64, 219, 248, 157, 290, 217, 118, 231, 219, 601, 263, 119, 281, 246, 363, 272, 476, 172, 165, 231, 572, 280, 699, 177, 265, 224, 167, 267, 492, 478, 69, 108, 268, 463, 222, 76, 202, 414, 184, 274, 245, 277, 281, 239, 64, 446, 478, 59, 246, 220, 266, 78, 157, 255, 67, 336, 281, 220, 205, 229, 355, 357, 250, 176, 222, 356, 88, 247, 181, 525, 356, 450, 246, 66, 230, 141, 271, 195, 192, 369, 191, 100, 392, 133, 311, 114, 209, 353, 378, 205, 781]
SHBG	252.5	[309, 194, 287, 243, 231, 395, 207, 235, 216, 169, 186, 400, 172, 155, 218, 296, 189, 268, 305, 292, 277, 361, 252, 263, 400, 213, 212, 253, 232, 254, 231, 294, 322, 202, 253, 426, 219, 284, 234, 298, 237, 320, 198, 220, 197, 197, 234, 304, 311, 331, 392, 260, 312, 447, 241, 181, 198, 251, 216, 307, 217, 204, 370, 397, 165, 597, 561, 342, 208, 228, 202, 194, 368, 254, 241, 331, 211, 303, 144, 338, 177, 277, 417, 223, 189, 267, 210, 167, 412, 255, 227, 387, 291, 352, 506, 203, 235, 314, 313, 191]
TFR2	265.0	[285, 265, 232, 292, 180, 345, 258, 306, 301, 183, 260, 296, 356, 175, 269, 314, 374, 351, 310, 188, 163, 238, 301, 330, 154, 285, 241, 281, 198, 226, 344, 264, 260, 195, 216, 275, 393, 305, 286, 363, 214, 337, 165, 402, 315, 318, 363, 199, 182, 241, 224, 345, 271, 305, 183, 156, 287, 181, 265, 188, 282, 175, 341, 195, 320, 236, 256, 278, 143, 301, 253, 262, 265, 239, 315, 144, 322, 333, 311, 334, 272, 318, 236, 187, 273, 199, 308, 255, 261, 269, 214, 164, 253, 287, 324, 210, 161, 216, 196, 302]
ZNF124	322.0	[310, 436, 349, 567, 150, 507, 355, 432, 3823, 132, 80, 369, 322, 116, 336, 342, 310, 147, 458, 370, 442, 289, 275, 196, 343, 308, 197, 369, 202, 166, 311, 2811, 464, 172, 283, 306, 332, 179, 220, 803, 165, 398, 149, 386, 192, 402, 372, 411, 381, 156, 273, 404, 358, 611, 3982, 349, 125, 378, 780, 190, 280, 234, 519, 165, 322, 307, 241, 365, 402, 269, 292, 357, 312, 351, 198, 125, 185, 262, 206, 157, 358, 679, 186, 95, 376, 385, 809, 532, 457, 116, 186, 397, 352, 63, 479, 790, 272, 542, 144, 149]
VAPB	359.0	[280, 346, 381, 330, 486, 321, 274, 288, 440, 390, 361, 490, 432, 345, 363, 353, 367, 479, 279, 805, 395, 526, 298, 346, 263, 500, 389, 311, 581, 403, 299, 464, 386, 269, 409, 282, 189, 393, 328, 355, 340, 494, 328, 374, 376, 287, 285, 303, 877, 297, 435, 398, 641, 358, 450, 294, 375, 409, 484, 353, 300, 338, 472, 378, 563, 128, 360, 317, 263, 380, 288, 333, 339, 285, 389, 264, 174, 205, 304, 285, 349, 337, 373, 456, 359, 342, 264, 408, 300, 361, 490, 513, 547, 321, 414, 310, 583, 403, 359, 368]
ZNF214	519.5	[564, 1044, 506, 615, 391, 142, 471, 623, 375, 729, 807, 334, 224, 518, 347, 340, 612, 432, 1326, 777, 260, 380, 530, 477, 1050, 702, 704, 445, 597, 314, 445, 658, 563, 725, 396, 851, 588, 858, 853, 1124, 944, 305, 583, 302, 255, 133, 486, 646, 466, 487, 1007, 300, 301, 455, 618, 390, 444, 932, 603, 372, 576, 430, 135, 343, 700, 612, 664, 813, 444, 875, 514, 262, 437, 817, 980, 371, 349, 721, 292, 605, 433, 641, 732, 273, 2208, 596, 679, 521, 766, 477, 448, 834, 487, 589, 344, 545, 300, 339, 608, 394]
MC1R	532.0	[1102, 692, 764, 595, 219, 334, 448, 706, 662, 599, 345, 460, 669, 453, 882, 458, 254, 453, 523, 812, 400, 630, 1244, 334, 6316, 546, 409, 517, 479, 427, 610, 630, 421, 445, 294, 1216, 714, 602, 779, 117, 215, 631, 335, 571, 195, 692, 436, 434, 491, 458, 783, 905, 301, 947, 607, 595, 478, 681, 487, 470, 373, 434, 321, 415, 694, 742, 697, 650, 656, 615, 741, 353, 530, 483, 438, 247, 397, 757, 747, 336, 683, 495, 806, 618, 505, 534, 582, 907, 248, 391, 504, 574, 604, 586, 232, 553, 354, 720, 480, 727]
PSG6	611.0	[426, 859, 518, 484, 521, 562, 634, 770, 817, 482, 1031, 549, 645, 490, 1107, 585, 553, 719, 483, 541, 513, 314, 971, 716, 589, 940, 691, 512, 691, 624, 1102, 612, 898, 1746, 902, 788, 535, 773, 574, 505, 708, 590, 1429, 390, 565, 324, 414, 797, 364, 479, 533, 584, 717, 410, 623, 546, 555, 610, 650, 610, 674, 526, 653, 750, 506, 640, 940, 591, 656, 1007, 516, 637, 621, 470, 498, 713, 768, 264, 626, 1119, 456, 701, 776, 526, 777, 463, 567, 692, 496, 842, 653, 1829, 566, 540, 368, 571, 654, 687, 402, 741]
IFNA14	722.5	[976, 790, 520, 742, 609, 844, 627, 804, 543, 894, 631, 685, 685, 504, 735, 570, 514, 897, 694, 703, 617, 1097, 808, 947, 683, 621, 724, 793, 555, 772, 622, 573, 489, 719, 516, 1002, 907, 573, 735, 776, 1212, 702, 565, 635, 500, 944, 540, 859, 526, 656, 1296, 767, 1090, 788, 839, 615, 739, 987, 785, 923, 770, 794, 767, 1072, 589, 906, 777, 1013, 694, 654, 735, 719, 711, 688, 703, 583, 637, 812, 1112, 864, 1007, 701, 331, 704, 615, 861, 653, 566, 853, 721, 477, 822, 721, 1037, 604, 829, 786, 832, 753, 708]
GLP2R	769.5	[446, 478, 970, 1159, 438, 412, 434, 518, 690, 1833, 845, 538, 1193, 1349, 993, 1776, 892, 864, 832, 904, 854, 1338, 804, 925, 671, 452, 1380, 413, 6471, 553, 909, 433, 837, 2209, 953, 381, 828, 1147, 675, 1606, 1095, 1911, 627, 556, 1021, 697, 985, 819, 634, 1031, 850, 513, 513, 1085, 509, 1081, 384, 1027, 746, 1049, 408, 1847, 901, 1962, 571, 822, 1413, 721, 1106, 394, 527, 1055, 1074, 1362, 693, 656, 442, 1067, 652, 402, 530, 450, 724, 686, 904, 463, 528, 467, 436, 1265, 485, 716, 708, 834, 560, 317, 390, 560, 793, 462]
HCRT	962.0	[1179, 732, 651, 1239, 1967, 1218, 1272, 869, 928, 709, 924, 1543, 845, 1337, 1736, 1115, 847, 1406, 2692, 2440, 805, 1106, 2428, 1221, 1170, 809, 1117, 705, 1473, 914, 2278, 2607, 948, 816, 526, 950, 592, 896, 1613, 873, 1055, 568, 809, 3270, 991, 992, 1859, 709, 1009, 774, 844, 454, 1646, 1953, 3023, 2322, 951, 939, 797, 817, 934, 1485, 665, 819, 980, 946, 946, 1150, 1685, 737, 2172, 647, 1000, 876, 972, 717, 798, 1800, 1281, 907, 1295, 1541, 1799, 1440, 654, 1117, 968, 1166, 840, 3540, 740, 1317, 683, 768, 928, 956, 555, 471, 687, 2367]
COL11A1	1192.5	[1291, 1713, 643, 1142, 850, 2446, 1191, 2197, 972, 880, 873, 871, 1065, 2108, 681, 1069, 1608, 1122, 1003, 1052, 918, 1886, 737, 1287, 1249, 1352, 1302, 1206, 1703, 1097, 1853, 1073, 1653, 1074, 1087, 1555, 1084, 1063, 1688, 1346, 2063, 986, 1004, 1205, 1114, 1416, 1120, 1275, 997, 1259, 1519, 1071, 1364, 1834, 1233, 834, 1333, 1286, 1661, 1217, 1296, 769, 1285, 1024, 1166, 1252, 1126, 1171, 726, 1350, 1009, 1116, 1662, 824, 1036, 1177, 1426, 866, 927, 1396, 944, 1304, 949, 1169, 1273, 1192, 1267, 1537, 1193, 863, 1099, 1089, 1625, 1240, 1366, 1327, 2079, 1256, 853, 1431]
SUPT6H	1200.5	[684, 1037, 807, 703, 840, 933, 981, 1354, 1144, 1954, 1214, 856, 1643, 920, 1320, 1726, 1624, 1166, 1125, 1362, 604, 1970, 1210, 386, 872, 1423, 1169, 832, 518, 1002, 1192, 1732, 328, 1400, 1744, 1070, 1772, 489, 1094, 1003, 2021, 2352, 1288, 2352, 783, 1304, 1496, 1259, 1370, 993, 1220, 883, 716, 1468, 829, 1228, 1348, 406, 1232, 904, 1328, 626, 1268, 1252, 1008, 666, 1766, 1265, 1207, 701, 1186, 1096, 1493, 1633, 1194, 1501, 1299, 1480, 1999, 2899, 570, 1240, 4557, 1087, 1208, 894, 1617, 1321, 659, 965, 1474, 1187, 1366, 1081, 1035, 1136, 1598, 1066, 1131, 1305]
IFNA4	1221.0	[977, 1435, 946, 1007, 998, 1527, 2463, 550, 1920, 1182, 1781, 1182, 2497, 1171, 792, 1067, 1806, 1533, 1716, 1037, 1318, 1191, 1057, 1097, 832, 1358, 1217, 1332, 1559, 1044, 928, 974, 1440, 2043, 1715, 959, 1015, 1009, 1347, 1514, 1574, 1637, 768, 1054, 1112, 1090, 2093, 1491, 1130, 1048, 862, 1457, 1663, 2546, 1526, 1656, 1196, 839, 1238, 1875, 1210, 1350, 1454, 1295, 1147, 1583, 1230, 967, 1100, 1421, 2159, 1229, 899, 892, 919, 1225, 2018, 1435, 622, 2021, 2163, 976, 1010, 1367, 1955, 1851, 1258, 1304, 1293, 2444, 1081, 1185, 1063, 911, 950, 1214, 1184, 1202, 999, 1286]
SST	1302.0	[1563, 1522, 919, 1303, 1022, 1215, 2439, 1834, 1378, 1112, 1111, 1099, 1292, 1247, 1230, 1432, 1084, 1268, 1009, 1328, 1280, 1196, 1930, 1066, 1109, 1609, 2092, 1010, 1162, 840, 1415, 1451, 1324, 1278, 1338, 1844, 1103, 1040, 1477, 1299, 943, 1197, 829, 1068, 972, 1060, 1187, 1865, 2500, 1313, 1084, 1344, 1369, 1174, 1046, 1483, 1151, 1346, 1370, 1361, 1751, 1112, 1288, 1947, 1223, 1617, 1007, 1335, 1447, 1906, 1696, 1301, 1635, 1353, 1052, 957, 1575, 1680, 1207, 1605, 1334, 1437, 1399, 1044, 1558, 1897, 953, 1460, 1434, 2036, 1395, 1639, 2112, 1027, 1188, 1541, 1151, 1209, 1077, 969]
OR10H1	1340.0	[1890, 1973, 2047, 2219, 1604, 1541, 1427, 1211, 308, 938, 1665, 618, 916, 2081, 433, 2844, 980, 1722, 568, 2924, 710, 895, 2265, 945, 941, 1254, 743, 1613, 473, 1020, 1395, 1762, 1387, 540, 794, 1729, 652, 629, 517, 1831, 593, 1458, 432, 1299, 1014, 1884, 2219, 602, 1845, 1840, 413, 2442, 799, 1133, 1341, 700, 759, 2798, 2560, 2241, 2226, 2661, 1653, 1476, 2886, 1770, 828, 1304, 979, 1161, 1922, 670, 1312, 1632, 1486, 1216, 1244, 2322, 2720, 2204, 874, 4308, 604, 576, 587, 1862, 1298, 698, 3097, 1012, 2074, 2694, 1339, 1149, 918, 2762, 661, 1999, 2133, 2855]
SLC1A1	1450.0	[1490, 1473, 1752, 1257, 1531, 1521, 1519, 1264, 1533, 2099, 1415, 1970, 1528, 1520, 1060, 1686, 1680, 1570, 1586, 1409, 1524, 1112, 1278, 1367, 1189, 1246, 1014, 1770, 1400, 1448, 1123, 1692, 1305, 1526, 1414, 1407, 936, 1245, 1135, 1549, 1451, 1286, 1183, 1382, 1637, 1151, 1971, 1293, 1113, 1553, 1534, 1646, 1449, 1550, 1132, 1515, 1414, 1964, 1432, 1159, 2060, 1522, 1301, 1901, 1179, 1930, 1445, 1405, 1589, 1800, 1646, 2017, 1911, 1453, 1027, 1316, 1073, 1297, 2050, 1725, 1922, 1302, 1423, 1658, 1294, 1597, 1138, 1190, 1763, 1382, 1231, 1453, 1090, 1716, 1433, 1280, 1616, 1548, 1267, 1493]
NOVA1	1528.0	[1813, 1477, 1203, 2037, 1663, 2064, 1889, 1133, 1471, 1207, 2015, 1287, 1767, 1939, 946, 1727, 1955, 1451, 1550, 1348, 933, 1613, 1795, 1500, 2165, 1650, 1540, 1660, 1392, 1276, 1251, 2220, 1724, 1646, 1529, 2593, 1662, 1209, 1125, 1717, 1314, 1418, 1572, 1498, 1924, 1308, 1267, 2111, 1506, 1386, 1712, 1506, 1233, 2219, 1532, 1716, 1328, 1389, 1280, 1355, 1415, 1558, 1511, 1535, 1025, 1217, 1485, 1411, 1948, 1331, 1446, 2339, 1717, 1432, 1346, 1879, 1363, 1873, 1838, 1290, 1456, 1516, 1515, 1618, 1579, 1213, 1572, 1953, 1813, 1172, 1746, 1527, 1713, 1469, 1570, 1710, 1547, 1636, 1309, 1324]
PDZK1	1571.5	[1819, 1585, 1380, 1627, 1469, 1630, 1459, 1731, 1619, 1039, 2285, 1219, 1532, 1384, 1372, 1326, 1655, 1034, 1723, 1594, 1479, 2050, 1784, 888, 1302, 1049, 1574, 1903, 1513, 1424, 1197, 1555, 1766, 2091, 1879, 1696, 1829, 1299, 1388, 1477, 1918, 1501, 1464, 1849, 1753, 1353, 1816, 1685, 2418, 1922, 1608, 1618, 1311, 1545, 1466, 1232, 1668, 1092, 1439, 1446, 1900, 1260, 1504, 1719, 2113, 1902, 938, 1540, 2167, 1517, 2013, 1090, 1686, 1999, 1817, 1887, 1576, 1418, 1534, 1445, 1782, 1581, 1504, 2070, 2337, 1577, 1380, 1059, 1360, 1487, 1548, 1253, 1588, 1494, 1569, 2134, 1747, 1397, 1805, 1642]
CHRNB3	1587.5	[1066, 1184, 1460, 1407, 1600, 3472, 1766, 1560, 2980, 1734, 1172, 1434, 2566, 1713, 1988, 1290, 1729, 1542, 1590, 1069, 2493, 1360, 1867, 1278, 1625, 1448, 902, 2191, 1380, 2316, 1036, 1448, 1748, 1930, 1452, 1697, 1385, 1571, 3765, 2210, 2008, 2106, 1444, 850, 1285, 1345, 1261, 1089, 2818, 1245, 1840, 1163, 426, 1494, 1596, 3019, 1772, 1585, 1484, 1630, 1790, 1530, 772, 1399, 1239, 2830, 1325, 3158, 2266, 1191, 1196, 1633, 2455, 1626, 1416, 1578, 1402, 2201, 1741, 273, 1278, 1697, 1398, 1557, 1771, 2217, 946, 2062, 1695, 1233, 977, 2181, 2434, 1668, 2204, 1887, 1806, 3237, 1319, 1978]
KRT1	1638.5	[1292, 1933, 1719, 1881, 1638, 1931, 1516, 1516, 2227, 2109, 1709, 1185, 1582, 1971, 1570, 1147, 1523, 1650, 1250, 2197, 1914, 1524, 1549, 1409, 1668, 1463, 2011, 2016, 1647, 1654, 1410, 2085, 1032, 2406, 1843, 1355, 1357, 1547, 1419, 1622, 3592, 1141, 1124, 1451, 1260, 2362, 1571, 1971, 1050, 1185, 1775, 3170, 2099, 1452, 1273, 1842, 1837, 1590, 2193, 1305, 1379, 1409, 1987, 1793, 2063, 1605, 1617, 1242, 1444, 3552, 1635, 1871, 1644, 2728, 1396, 1745, 1993, 1444, 1248, 1684, 1948, 1434, 2080, 1532, 2222, 1799, 1499, 1598, 1083, 1098, 1649, 1495, 1639, 1764, 1955, 1748, 1270, 1863, 2309, 1664]
KCNMB3	1702.5	[5360, 1297, 1501, 1873, 1260, 1687, 1919, 1842, 2111, 1965, 1209, 1754, 1383, 1937, 2286, 1606, 1014, 1231, 1541, 2146, 1768, 2053, 5313, 2225, 1823, 1553, 1626, 1238, 1355, 1651, 1561, 2038, 1558, 1706, 1454, 1609, 935, 1926, 1402, 2299, 4691, 1315, 1147, 1449, 2214, 2250, 362, 2556, 1512, 1791, 1694, 1619, 2620, 2902, 1303, 1537, 1504, 2010, 1647, 2778, 3390, 1353, 2076, 1733, 1068, 1453, 1629, 2319, 1833, 3579, 1263, 3400, 1371, 1699, 1893, 2105, 2267, 2522, 2337, 1129, 4570, 1046, 1313, 1909, 1886, 1930, 1173, 3549, 1762, 1728, 1416, 1487, 1147, 1777, 1243, 545, 1293, 1435, 2436, 2549]
GSTT1	1820.0	[2870, 1459, 4084, 1972, 2138, 1971, 3668, 3763, 2456, 1963, 3515, 1695, 1665, 1593, 1477, 2233, 1504, 1378, 1662, 2786, 1504, 1772, 1482, 2386, 3051, 1751, 1831, 2202, 1774, 1563, 3228, 1356, 1874, 3308, 1975, 1695, 1550, 1701, 1970, 1785, 1952, 2643, 1290, 1782, 1370, 1804, 1114, 1491, 1965, 1616, 1551, 1459, 1666, 1893, 1700, 1809, 3614, 1709, 2548, 2241, 1634, 1765, 2241, 3191, 1984, 3873, 1724, 2858, 2008, 1513, 1657, 1731, 1654, 2190, 2068, 1316, 1732, 2001, 1925, 2082, 1442, 1596, 1469, 1704, 1780, 1889, 1957, 2346, 2621, 2190, 1421, 1866, 1354, 1982, 2123, 1585, 2181, 2192, 2676, 1617]
NAT1	1862.0	[930, 1955, 1343, 1623, 844, 1431, 1814, 2215, 2809, 1844, 1648, 1564, 1628, 1397, 2299, 1940, 2599, 1695, 1176, 1483, 850, 2067, 1202, 1701, 1067, 2228, 1910, 2726, 1867, 1710, 1979, 1722, 1753, 2036, 2270, 1666, 1894, 1998, 1789, 1333, 2257, 2083, 2237, 2261, 1769, 1315, 2043, 1520, 958, 1428, 3326, 1973, 1835, 2041, 2614, 2438, 1869, 2438, 1286, 2019, 2210, 2902, 2133, 2268, 1695, 3748, 1341, 1944, 1857, 1547, 750, 1038, 2127, 1623, 1569, 1926, 1467, 1846, 1260, 2475, 1562, 1401, 2016, 1869, 1758, 1438, 1993, 2033, 1937, 1822, 2044, 1788, 1457, 2046, 1884, 2571, 2760, 2189, 2408, 1569]
HLA-DPB1	1945.5	[3325, 1710, 1820, 1565, 2232, 2859, 3620, 1654, 1732, 1874, 2220, 2150, 1613, 2251, 1849, 1710, 1756, 2354, 2471, 1790, 2339, 1748, 1925, 2230, 2109, 2541, 1782, 1368, 1798, 1719, 3316, 2197, 1136, 2682, 2701, 1830, 1724, 2069, 2214, 1614, 1629, 1704, 2016, 2526, 2364, 1679, 2147, 2713, 1977, 2205, 2037, 1425, 1523, 1823, 2023, 3112, 2031, 1747, 2011, 1901, 2527, 1602, 2375, 1955, 1936, 1667, 2629, 1869, 1684, 1836, 2087, 1728, 1657, 2306, 2982, 1730, 1857, 1716, 2207, 3831, 2832, 1788, 2314, 1605, 1522, 3466, 1667, 2286, 1166, 1992, 3477, 1898, 2476, 2841, 1712, 2360, 1519, 1920, 1713, 1959]
GRIN2A	2026.5	[1999, 1327, 1785, 1468, 1663, 2653, 2042, 1358, 2191, 2155, 1478, 1426, 2528, 2060, 1688, 2562, 1510, 2582, 1610, 4270, 1894, 2274, 1793, 2328, 2295, 1784, 2027, 1363, 1768, 2080, 2310, 1768, 1998, 1987, 2731, 2095, 2964, 2377, 2382, 1897, 2358, 1615, 1749, 3090, 1290, 1681, 2159, 1847, 2470, 2369, 1991, 2908, 2156, 1931, 1150, 2296, 3597, 3620, 2193, 2026, 1867, 2507, 2159, 1526, 1647, 1987, 2993, 1860, 1907, 1796, 1374, 2333, 1447, 2486, 2368, 1771, 2362, 981, 1796, 2012, 2136, 3483, 1896, 1398, 1396, 1433, 1276, 2825, 2366, 1691, 3780, 1850, 2216, 2638, 5133, 1864, 3555, 2894, 4321, 3272]
SMARCD1	2035.5	[1765, 2371, 2081, 2035, 2338, 2354, 2028, 1868, 1880, 1094, 2282, 2264, 2046, 2330, 2521, 1278, 2181, 2175, 2414, 2599, 1735, 2073, 2124, 2766, 2195, 2736, 2085, 1512, 1996, 1880, 1731, 1879, 2721, 2036, 1884, 1688, 1510, 2003, 1888, 2258, 2112, 1388, 1604, 2772, 1684, 2076, 1762, 1832, 1803, 2337, 1876, 1824, 1921, 2773, 2265, 2049, 2059, 1728, 1803, 1664, 1866, 1710, 2185, 2016, 2021, 3035, 2050, 1942, 1566, 2167, 2328, 2425, 1627, 1366, 1663, 1910, 1736, 1000, 2052, 2423, 1656, 2173, 2684, 2279, 2520, 1990, 2312, 2545, 1866, 2386, 2149, 2464, 1927, 1384, 1493, 2302, 2411, 1902, 1651, 2501]
GAGE7	2056.5	[464, 1871, 1945, 5287, 2540, 2453, 1291, 1344, 1820, 2000, 1061, 1470, 1734, 2077, 1724, 2070, 3317, 1819, 1827, 2297, 1586, 2622, 1835, 2152, 1365, 2100, 1732, 2936, 1551, 1772, 2693, 2939, 1907, 1752, 3723, 1910, 2627, 3052, 3139, 3861, 1439, 3694, 2078, 1613, 1763, 2557, 1862, 2684, 1520, 1881, 1298, 1893, 2027, 2137, 1938, 5522, 3710, 2006, 1896, 3427, 1875, 1724, 4587, 2855, 3391, 2776, 2452, 2469, 1537, 2129, 2432, 1560, 2664, 2553, 1882, 2792, 2405, 3936, 1512, 1931, 2579, 2491, 2276, 3625, 2302, 3295, 2095, 4078, 1300, 2043, 1380, 1739, 1711, 3493, 1139, 492, 2506, 4529, 1985, 1602]
TAT	2104.0	[2407, 1787, 1295, 2524, 2145, 1355, 1926, 2121, 2565, 1707, 2245, 1517, 1532, 3028, 1785, 2474, 1806, 2368, 2845, 1082, 1886, 2802, 2643, 922, 2046, 2527, 2221, 2277, 2420, 2741, 2456, 2319, 2153, 1691, 1544, 2053, 2338, 1976, 2165, 2028, 1315, 3037, 2180, 2662, 2305, 2897, 2781, 1895, 2023, 2451, 1395, 2394, 1169, 2601, 1929, 1929, 2496, 2273, 1778, 2872, 3061, 2744, 1712, 2087, 2262, 1609, 1295, 2381, 2078, 1502, 1612, 3147, 2064, 2765, 1444, 1811, 3011, 2346, 2939, 2833, 2336, 1662, 1401, 1024, 1552, 1775, 1842, 2189, 2052, 3424, 1034, 2520, 1720, 1821, 2549, 1912, 1471, 2499, 1426, 1558]
OPN1SW	2242.5	[2778, 1869, 1488, 1350, 3585, 1612, 4642, 2211, 1761, 3611, 3883, 2107, 2780, 1345, 2162, 2067, 2839, 2090, 3422, 3086, 2004, 1912, 1747, 2362, 1330, 2728, 3073, 1744, 900, 1825, 2647, 3346, 3100, 2097, 1666, 1275, 1945, 2828, 1682, 2928, 2157, 2565, 2620, 3869, 2038, 2582, 2554, 1006, 2272, 3765, 2038, 3251, 1282, 3566, 1379, 2505, 3351, 2643, 1445, 2230, 1571, 2892, 1873, 1676, 1657, 2684, 2176, 2373, 947, 1972, 3078, 1432, 3236, 2302, 1302, 2255, 1781, 2208, 1802, 3292, 2258, 2037, 2357, 2265, 3931, 1259, 2607, 2535, 1504, 2286, 2831, 2686, 3053, 2600, 3007, 1652, 1318, 1416, 1719, 2432]
EVI5	2446.5	[3159, 4671, 2587, 2152, 2879, 2330, 2932, 2442, 3428, 2457, 2640, 2451, 3605, 2116, 2284, 2137, 1969, 2632, 1538, 2509, 1954, 1938, 1513, 2575, 2775, 3430, 2278, 939, 4012, 1858, 2482, 1690, 1890, 2623, 2203, 2268, 2122, 1847, 2422, 2721, 2100, 1608, 2459, 1649, 2045, 2864, 1191, 1912, 1293, 1673, 1958, 1632, 345, 2300, 2260, 2562, 3100, 2942, 2853, 2715, 1806, 2765, 4262, 3211, 2254, 2326, 3271, 4547, 2781, 3098, 2749, 2268, 2271, 2217, 2520, 2523, 4422, 2293, 3213, 3512, 2690, 1439, 2752, 2703, 2579, 2898, 2375, 2507, 3093, 2937, 2067, 2244, 2613, 2107, 1932, 2236, 2202, 3034, 2608, 1910]
REC8	2583.5	[2775, 2744, 2954, 2166, 2189, 2733, 3335, 2413, 4050, 2935, 2040, 1621, 2988, 2380, 2739, 3272, 2812, 1668, 2594, 3396, 1355, 2573, 2597, 3808, 3763, 1720, 1921, 2831, 3781, 2454, 1455, 2905, 3355, 3465, 3476, 985, 2774, 1918, 3275, 2516, 2666, 2436, 1009, 2667, 1584, 2371, 1716, 2629, 3574, 3065, 3074, 2245, 1423, 2506, 2212, 2563, 2850, 1859, 1840, 2988, 2106, 2433, 5111, 2014, 3169, 3001, 2488, 3869, 3471, 2720, 2079, 3235, 1895, 3167, 2295, 3816, 1275, 2719, 2673, 2841, 2913, 1974, 3173, 3110, 2071, 1206, 2003, 2310, 1753, 3743, 2260, 2029, 2181, 1108, 3085, 2931, 2223, 2220, 1910, 2017]
PSG9	2614.0	[2115, 2901, 2639, 2692, 2317, 2761, 2613, 3193, 3373, 2474, 3586, 2887, 4310, 1887, 2562, 3214, 2277, 2781, 3807, 2050, 2986, 2544, 4849, 4247, 3385, 3769, 2336, 1814, 2882, 2916, 2461, 1590, 3631, 2567, 2355, 1976, 2963, 2251, 2196, 2104, 2293, 3685, 2289, 1602, 2145, 2517, 2860, 2984, 2520, 3831, 2062, 2379, 2288, 3375, 1896, 3711, 2643, 3448, 3040, 2674, 2301, 2184, 1994, 2353, 2908, 2742, 4001, 3004, 2448, 2245, 2273, 2733, 2496, 2122, 3813, 3339, 2459, 2011, 3026, 1955, 2719, 2548, 3919, 2615, 1665, 2836, 2849, 3436, 1707, 2649, 2389, 2520, 4514, 3447, 3063, 2314, 2464, 2064, 3138, 1907]
SFRP5	2616.0	[2190, 2665, 2864, 2469, 2360, 2503, 2925, 2442, 2633, 2774, 3290, 3027, 1841, 2944, 2796, 3476, 2452, 2818, 3953, 3141, 2608, 2166, 4552, 4507, 2223, 3090, 2063, 1845, 2624, 2395, 2576, 2381, 2594, 2047, 3082, 3665, 2929, 2670, 1932, 2317, 2563, 3830, 2827, 2652, 2816, 2873, 2336, 2790, 2159, 1911, 1680, 2417, 3235, 1931, 1437, 3258, 1646, 2103, 2037, 2981, 2118, 3300, 2634, 2657, 2597, 2307, 1689, 1716, 3188, 3584, 2071, 2875, 2441, 2553, 1977, 3265, 2549, 2148, 3383, 2249, 2317, 1632, 3291, 2247, 2498, 3605, 2472, 2646, 3685, 2836, 3240, 1950, 3019, 3254, 2687, 1508, 2727, 2550, 3755, 3079]
PARG	2619.0	[1506, 2186, 2696, 2476, 3341, 2914, 2321, 2836, 2150, 3374, 1928, 3328, 2948, 2628, 2789, 2885, 2170, 2568, 3077, 2631, 2240, 2515, 2910, 3296, 979, 2732, 2898, 2613, 2287, 2396, 2764, 2679, 2477, 3986, 1717, 2653, 2868, 3286, 2806, 3824, 3290, 2891, 3077, 3172, 2220, 2189, 3213, 2720, 2558, 2578, 2981, 2043, 2200, 1813, 3113, 3400, 3447, 2789, 2980, 2397, 2369, 2253, 2808, 2786, 2982, 1916, 2841, 2157, 1795, 3142, 2469, 1547, 2455, 987, 2045, 2938, 1718, 2620, 2391, 2208, 1905, 2160, 2787, 2434, 2377, 2381, 2386, 2618, 2999, 2518, 3271, 1917, 2822, 2942, 1938, 3106, 2891, 1271, 1916, 2436]
LRMP	2639.0	[2631, 2585, 2783, 2657, 3798, 4068, 2617, 2237, 3590, 2034, 2612, 3959, 2561, 2954, 1797, 2737, 2553, 2756, 1825, 2698, 2398, 2731, 2663, 2856, 2117, 3189, 2753, 2810, 1755, 2836, 2853, 2698, 2786, 2697, 2649, 2708, 2145, 2447, 3214, 2682, 2654, 2558, 1980, 2024, 2714, 1635, 2612, 2539, 2709, 2517, 2567, 2528, 2780, 2713, 2364, 2628, 2688, 2880, 2482, 2723, 2617, 2991, 2186, 2647, 2741, 3746, 3303, 2032, 2493, 2442, 2582, 2534, 2148, 2247, 2219, 2725, 2900, 3860, 2613, 2185, 2449, 2477, 2955, 3300, 2570, 2190, 2432, 2552, 2815, 2768, 4457, 2300, 1670, 3019, 2487, 2448, 1933, 3050, 2839, 2914]
SIX1	2744.5	[2862, 3551, 2237, 2626, 3066, 3262, 2780, 2710, 3212, 2686, 3073, 3096, 2975, 2525, 2561, 2781, 2907, 2455, 2889, 2407, 2304, 2067, 3092, 2072, 3145, 2841, 2749, 2543, 2589, 2836, 2604, 2801, 2476, 3172, 2741, 2024, 2332, 1907, 3176, 3150, 2280, 2011, 2760, 2746, 3437, 2677, 2573, 2507, 2400, 2523, 2511, 2730, 3154, 3324, 2594, 3137, 2536, 2373, 3938, 2743, 3020, 2511, 2378, 2401, 2671, 2299, 2700, 4536, 2934, 3001, 3665, 2089, 2593, 2476, 3314, 3525, 2926, 3538, 3068, 3215, 3109, 2370, 2953, 2895, 2544, 2581, 2541, 2974, 2485, 3156, 2587, 2769, 2889, 2830, 2704, 2842, 3389, 2131, 3960, 2706]
NPY1R	2947.5	[3531, 2980, 3204, 2595, 3019, 2677, 3052, 2973, 3143, 2956, 4272, 3065, 3304, 3137, 3113, 3176, 3198, 2715, 2610, 2946, 3008, 2867, 2581, 2798, 3018, 3191, 3241, 3154, 2849, 3332, 2709, 2924, 2980, 3950, 2867, 3068, 3348, 2664, 3045, 2514, 2805, 2967, 2567, 3117, 3759, 3686, 2386, 4044, 3172, 2931, 2626, 2760, 2984, 2925, 2710, 3394, 2672, 2949, 2584, 2670, 2404, 2697, 2817, 2444, 2693, 3258, 3237, 2517, 3102, 3511, 2520, 3096, 2532, 4030, 3156, 2529, 2470, 2466, 3206, 3394, 2663, 2963, 3435, 2923, 2677, 2761, 2749, 3004, 3161, 2644, 2593, 2854, 2566, 2771, 3234, 2298, 2728, 2940, 2939, 3072]
S100P	2995.0	[3424, 2550, 3110, 3406, 3391, 1873, 3299, 3052, 2560, 2743, 2970, 2683, 2960, 3093, 3244, 2127, 3348, 2623, 3319, 3286, 3171, 2697, 2183, 2657, 3508, 3316, 2069, 2365, 3015, 3157, 2823, 2431, 2936, 2208, 1933, 3450, 2436, 3464, 2633, 2912, 3162, 3179, 3167, 2591, 3498, 3117, 3541, 2656, 3635, 3220, 3478, 2854, 3272, 3186, 3469, 1799, 2929, 3587, 2864, 2975, 3533, 3119, 3102, 2657, 2318, 2512, 2817, 3051, 2724, 3271, 2545, 3018, 3291, 1843, 2170, 2668, 2633, 3229, 3620, 2489, 3109, 3491, 2846, 3243, 2846, 2541, 3136, 2967, 3016, 2950, 2717, 2111, 3252, 2559, 3350, 3326, 3145, 2789, 3346, 2727]
PIP	3096.5	[3798, 2538, 4911, 3323, 3211, 2890, 1529, 2355, 3855, 3317, 3728, 4431, 2042, 3028, 3047, 3701, 1747, 3057, 3224, 3212, 2593, 3482, 2943, 3999, 5398, 2170, 3979, 2663, 3543, 3070, 3203, 2703, 2854, 2993, 3937, 2758, 3421, 2762, 4557, 2964, 4195, 5371, 2912, 2769, 3039, 2262, 4377, 3323, 2297, 3162, 3114, 2812, 3433, 3447, 2039, 3243, 3214, 3636, 2537, 2435, 3215, 2398, 1953, 3481, 2737, 2166, 2942, 3144, 3364, 3412, 3107, 3231, 2393, 3717, 2599, 3744, 3086, 3711, 2282, 1432, 3338, 2124, 2754, 1912, 2334, 2273, 3247, 3461, 3400, 3453, 3314, 3414, 2418, 2902, 2957, 3010, 2343, 2822, 3779, 3124]
UGT2B11	3111.5	[813, 2228, 3304, 3233, 4764, 2415, 167, 1759, 3194, 2794, 4251, 4210, 2416, 4189, 4875, 2597, 4389, 2555, 1011, 242, 1208, 3702, 3686, 2167, 1972, 2930, 1529, 3601, 2864, 1980, 2579, 1302, 1945, 1895, 2035, 3290, 3251, 1955, 3265, 2602, 2017, 5026, 4008, 3390, 4133, 3471, 1399, 2964, 3881, 1725, 3525, 3648, 2548, 3340, 3951, 3234, 1714, 5100, 3017, 3865, 3998, 4384, 4221, 3539, 3029, 705, 4239, 911, 3837, 2923, 2885, 2844, 4185, 2613, 980, 3469, 2844, 3334, 2647, 611, 3717, 2441, 2808, 3872, 2147, 1349, 4834, 3263, 4266, 3386, 3217, 3620, 3627, 417, 3339, 3478, 4093, 2394, 2455, 3913]
IFI27	3149.5	[3152, 3381, 2941, 3165, 3287, 3367, 3221, 3139, 2350, 2988, 3209, 3058, 2375, 2935, 3118, 3551, 3109, 3513, 4036, 3065, 2904, 3610, 2920, 3296, 2938, 2771, 3290, 3917, 3054, 3087, 2871, 3206, 3956, 3025, 3379, 3223, 2518, 3167, 3579, 2845, 3013, 2759, 3286, 3955, 3313, 3086, 3224, 2884, 2993, 3432, 2563, 2947, 3304, 3032, 2767, 3097, 2884, 3418, 4317, 2306, 3174, 2815, 3197, 3681, 3314, 3462, 3123, 3593, 2563, 3011, 3272, 2473, 3113, 4489, 2830, 2471, 3452, 3770, 2985, 3291, 3129, 3634, 2674, 3130, 3371, 3770, 3163, 2689, 3017, 2974, 2774, 3206, 3407, 3180, 4198, 3281, 3782, 2973, 3147, 3551]
SFRP4	3161.5	[3675, 1779, 3911, 4060, 3488, 3468, 4055, 2821, 3457, 3015, 2609, 3359, 3219, 2005, 3247, 1923, 2640, 1851, 3484, 3340, 2956, 3893, 3213, 3248, 2118, 2618, 3007, 3720, 2662, 3387, 2883, 3608, 3025, 2862, 2460, 2261, 2770, 2620, 2709, 3963, 2791, 1947, 3135, 2942, 3589, 3797, 3592, 2925, 2402, 3903, 2623, 3196, 2875, 3019, 2543, 3823, 2935, 2653, 3232, 3328, 3790, 3468, 2305, 3722, 3555, 3012, 2730, 3006, 2208, 3230, 2271, 2942, 3402, 3482, 3719, 3727, 3430, 3842, 3780, 2551, 3278, 2992, 2375, 2059, 3541, 3604, 2932, 3479, 3460, 3414, 2913, 3556, 3286, 3188, 2670, 4001, 3544, 2566, 2540, 1731]
KRT19	3234.5	[3659, 2736, 3022, 3149, 2809, 2795, 2703, 2574, 3463, 3527, 3145, 3505, 3696, 2983, 3836, 2888, 3382, 3453, 3581, 3762, 3066, 3130, 3472, 3500, 3479, 3477, 2794, 2862, 3064, 3408, 3035, 3202, 3207, 3732, 4062, 3430, 2864, 3622, 3659, 3825, 3669, 2613, 2992, 3443, 3562, 3654, 3008, 3542, 3093, 3012, 3111, 3384, 3185, 3603, 3594, 3307, 2869, 3384, 3282, 2627, 3047, 4283, 2963, 2799, 3580, 3474, 3785, 3093, 4035, 3724, 4288, 3060, 3514, 2787, 3379, 3869, 3123, 3526, 3413, 2666, 2584, 3062, 2716, 2963, 2873, 3527, 3389, 3900, 3629, 2109, 3152, 3066, 2964, 2680, 3125, 3262, 3071, 2749, 2789, 3319]
NTF3	3260.0	[3535, 2914, 2700, 3504, 3624, 2617, 3413, 3410, 3183, 3221, 2836, 1773, 3250, 3886, 2863, 3491, 2601, 2749, 3701, 4063, 3715, 2723, 2654, 3481, 3196, 3271, 4760, 2958, 2920, 2977, 4476, 2323, 3671, 2551, 3694, 3164, 3281, 3574, 4021, 3297, 3415, 4274, 3801, 3553, 2776, 3947, 2055, 2765, 4063, 2632, 1836, 3329, 3019, 2927, 3158, 3704, 3274, 3275, 2753, 3519, 2906, 3225, 3390, 3035, 3449, 3040, 2350, 3759, 2016, 2508, 3531, 3553, 3368, 3103, 3885, 2946, 3580, 3243, 3270, 3278, 3796, 3196, 3548, 3019, 4244, 3321, 2084, 2960, 2739, 2741, 2665, 3545, 3546, 4220, 2751, 3296, 3235, 3508, 2994, 3015]
HLA-G	3283.5	[3578, 3189, 3304, 3035, 3752, 3339, 3560, 2816, 2978, 3533, 4019, 3218, 3572, 3269, 3598, 3281, 2987, 2822, 3136, 3203, 3339, 3590, 3125, 3056, 3477, 3003, 3103, 3546, 3543, 3278, 2806, 3934, 3327, 3444, 3390, 3304, 3256, 3444, 3596, 2959, 3281, 3795, 3302, 3475, 3298, 3338, 3111, 3406, 3865, 3015, 3384, 3146, 2950, 3436, 3272, 3074, 3297, 3311, 3090, 3178, 3739, 3200, 2950, 3130, 3568, 3511, 3140, 3588, 3095, 3493, 3345, 3128, 2652, 2896, 3311, 3072, 3377, 3189, 3425, 3091, 3340, 3158, 3259, 3247, 3036, 2900, 3768, 3048, 2852, 3670, 3285, 3585, 3383, 3568, 2800, 3640, 3493, 3282, 3185, 3173]
CD37	3436.5	[3276, 4453, 3609, 4044, 3045, 3433, 3125, 3504, 3439, 4254, 3334, 3882, 3155, 3584, 3664, 3036, 2351, 3926, 3772, 3392, 4286, 3488, 3983, 3475, 3912, 3729, 2479, 2701, 3651, 3452, 2841, 4333, 3021, 3295, 2991, 3686, 3515, 3860, 3325, 3107, 2829, 3367, 3445, 3189, 3049, 3319, 3767, 2323, 3513, 3769, 3705, 3877, 3725, 3777, 3149, 3567, 3434, 3074, 4057, 2366, 3478, 3927, 3356, 3148, 3144, 2987, 4207, 3847, 3598, 3827, 2231, 4074, 3714, 2568, 3045, 3055, 3655, 3744, 2693, 3245, 3114, 3527, 4078, 3175, 3733, 3319, 3497, 3500, 3021, 2695, 3009, 2749, 3081, 3802, 2481, 3336, 3140, 3296, 3893, 2390]
CALM2	3441.0	[3278, 3602, 3179, 3489, 3640, 3285, 3156, 3502, 3182, 3531, 3559, 2808, 3592, 3606, 3420, 3263, 3756, 2262, 3295, 3317, 3177, 3859, 2448, 2999, 3493, 3695, 4234, 3593, 3473, 3602, 3575, 3383, 3759, 3711, 4397, 3092, 3404, 3383, 3956, 3561, 3234, 3623, 3175, 2911, 3405, 3461, 3230, 3778, 3174, 3639, 2861, 3721, 3281, 3544, 3437, 3731, 3067, 3584, 3571, 3796, 3878, 3023, 2245, 3178, 3503, 3315, 3388, 3718, 3056, 2794, 3233, 3318, 3049, 3343, 3848, 3706, 3398, 4060, 3439, 2836, 3433, 3631, 3354, 3450, 2345, 3443, 3475, 3599, 3540, 2772, 3274, 2125, 4165, 3551, 3267, 3806, 4311, 3316, 3519, 3604]
S100A9	3581.0	[3619, 3097, 2526, 3966, 4193, 3026, 3034, 3834, 2966, 3107, 2916, 3941, 3893, 3393, 3672, 2050, 3870, 3469, 4033, 3892, 3974, 2818, 3597, 3941, 3565, 3460, 2952, 4012, 3391, 2511, 3422, 2749, 3675, 4101, 2721, 3454, 2246, 3649, 3370, 3345, 4288, 3834, 3624, 3350, 3656, 2620, 3721, 3880, 3697, 3991, 3449, 3372, 3663, 3082, 3531, 3326, 3319, 4245, 3612, 3918, 3676, 3839, 3765, 2591, 3786, 3253, 3943, 3988, 3198, 3219, 3004, 3245, 3616, 3756, 4141, 3712, 3277, 3762, 3931, 3780, 3181, 3534, 2820, 3162, 4047, 4166, 4091, 4028, 3313, 3829, 3370, 3365, 3529, 3222, 4019, 3866, 4096, 3002, 2968, 3117]
C4A	3604.0	[3005, 2900, 3424, 5053, 3387, 3231, 4570, 3906, 3535, 3584, 3021, 3963, 3687, 2667, 3910, 4073, 3938, 4531, 2130, 3861, 3851, 2310, 2703, 4599, 571, 3842, 3537, 3959, 4020, 3784, 2701, 3961, 6200, 3504, 4881, 3864, 3104, 3043, 4387, 3050, 4403, 3800, 2810, 2497, 3851, 4922, 3597, 3118, 3143, 2378, 3611, 3787, 3025, 2900, 3227, 3695, 3586, 2602, 2806, 3533, 4126, 2956, 3752, 3194, 3765, 3627, 4367, 3518, 3854, 4071, 4938, 3256, 3571, 2487, 4222, 2944, 4902, 5474, 2496, 3910, 3708, 3137, 2820, 3743, 2801, 2439, 2911, 6086, 3452, 3835, 4588, 2794, 3778, 3905, 4079, 3997, 4912, 3083, 2601, 3243]
ICAM2	3680.0	[3883, 4130, 4470, 3432, 3722, 4075, 3747, 3488, 3641, 3538, 3701, 3498, 3154, 3888, 3547, 3791, 4069, 3177, 4165, 4034, 3276, 3344, 4347, 3338, 3251, 3274, 3971, 3401, 4507, 3443, 3337, 3587, 3902, 3651, 3978, 3439, 2934, 3340, 3257, 3808, 3575, 3832, 3935, 2640, 4095, 3186, 3175, 3808, 3406, 3696, 3874, 3219, 3184, 4034, 3705, 3837, 3473, 3401, 3853, 4052, 3348, 3584, 3816, 3223, 3732, 3127, 4037, 3911, 3081, 3664, 3395, 3735, 3733, 3534, 3930, 3594, 2576, 2940, 3526, 3750, 3950, 3784, 3495, 3812, 4018, 4024, 3395, 4238, 4314, 3713, 2630, 3713, 3810, 3380, 4006, 4755, 2534, 4109, 3546, 3568]
PTAFR	3712.0	[4052, 4155, 3959, 3261, 4069, 4617, 3390, 4468, 3821, 3867, 3506, 3419, 3639, 3386, 2682, 3351, 3686, 3842, 4212, 3516, 2603, 3461, 3816, 3431, 3970, 4010, 3917, 3363, 3310, 3968, 4051, 4001, 3832, 2619, 3712, 4119, 3762, 3471, 3674, 3885, 3872, 4018, 3723, 3048, 3673, 3845, 4349, 3589, 3873, 3648, 3611, 3603, 3964, 4084, 3576, 4272, 3471, 4974, 3498, 3133, 3593, 3896, 3903, 4241, 3712, 3980, 3655, 3681, 3384, 3570, 3169, 4083, 3421, 3437, 3718, 3432, 3668, 3319, 3752, 3696, 3577, 4242, 4492, 3494, 3637, 3430, 3863, 3536, 3434, 3704, 4535, 4040, 3844, 4122, 3873, 3854, 3457, 4129, 3333, 3976]
ACOX2	3738.0	[3314, 3870, 3880, 3434, 4106, 3539, 3868, 3448, 3583, 3827, 3874, 3459, 4358, 4194, 3617, 3003, 2899, 3199, 3668, 4218, 4146, 3898, 3989, 4135, 3335, 3334, 4185, 3432, 3824, 3734, 4290, 3039, 3779, 3919, 4419, 3893, 3957, 3913, 2877, 3816, 2756, 3696, 3905, 3079, 2663, 4263, 4331, 2575, 3163, 4396, 3431, 5045, 3759, 4000, 4130, 2534, 4339, 3108, 3825, 2623, 1781, 3462, 3642, 2832, 4367, 3742, 3926, 4341, 4130, 3682, 3417, 4491, 3955, 3643, 3696, 3150, 3809, 3725, 3791, 3218, 3445, 4419, 3914, 2229, 3726, 2747, 3851, 3732, 2495, 3575, 3646, 2390, 3907, 3934, 3314, 3972, 3768, 3063, 4457, 3506]
ISG15	3832.5	[4243, 3718, 4074, 3670, 3580, 3637, 3409, 3425, 3736, 4395, 4728, 4226, 4205, 3555, 3709, 4025, 3480, 4100, 3706, 3808, 3629, 3632, 3663, 3955, 3784, 3770, 3913, 3950, 3852, 3984, 3563, 4038, 3709, 3688, 4152, 3507, 4153, 3897, 4125, 4037, 3827, 4502, 4143, 3500, 3622, 3312, 3388, 3635, 4119, 3622, 4008, 3693, 3008, 3849, 4097, 3919, 3727, 4148, 4032, 3782, 3868, 4159, 3776, 3151, 4523, 3697, 3649, 3724, 3895, 4087, 3839, 3910, 3784, 4138, 4044, 4252, 3791, 3803, 3818, 3785, 3421, 4054, 3958, 4548, 4135, 4157, 3618, 3736, 4022, 3835, 4253, 4327, 3753, 4205, 3470, 3830, 3443, 3847, 3535, 3908]
AMPD2	3881.0	[3902, 4595, 4958, 2654, 3732, 4677, 4097, 4244, 3508, 2964, 2811, 3968, 3792, 3434, 2378, 3892, 3302, 3612, 2460, 3220, 3870, 4274, 4334, 3829, 4559, 2861, 3013, 4649, 3498, 3931, 3780, 3116, 4192, 4877, 3922, 4287, 4393, 3639, 3137, 3645, 3332, 4279, 3238, 4597, 3195, 5075, 3375, 4342, 4810, 3757, 4176, 3627, 3680, 4200, 3330, 5258, 3491, 4140, 3894, 3980, 3672, 4507, 4487, 3541, 3695, 3604, 3068, 4053, 4734, 5150, 4779, 3791, 3607, 3754, 3710, 5420, 3803, 3383, 4626, 3961, 5282, 4029, 4137, 4659, 5005, 3012, 3117, 5213, 3828, 4860, 3295, 3283, 3730, 4058, 4388, 4387, 2830, 4661, 3805, 4954]
S100A8	3887.0	[3367, 3837, 3989, 3646, 4339, 3558, 3958, 3682, 3819, 3876, 3930, 4035, 3676, 4080, 3891, 4072, 3899, 4541, 2882, 3926, 4521, 3852, 3874, 3782, 3387, 4059, 3938, 3693, 3077, 3801, 3378, 3303, 4564, 3956, 4008, 4040, 3897, 3859, 3816, 4408, 4124, 3871, 4528, 4334, 4017, 3788, 3867, 4330, 3886, 4127, 4212, 4063, 4312, 3603, 3898, 3926, 3912, 3823, 3326, 3890, 4160, 3751, 4413, 3636, 3962, 3644, 3589, 3723, 4008, 3172, 4116, 3670, 3517, 3820, 3342, 4206, 4184, 3872, 3458, 3977, 3742, 3870, 3284, 3644, 3874, 4278, 4189, 3817, 3186, 4081, 4180, 4037, 3888, 3822, 2509, 4283, 4315, 3901, 3879, 3607]
RBP1	3932.0	[3185, 3751, 3828, 3505, 4093, 3957, 3878, 4000, 3094, 3622, 4193, 3995, 3263, 3956, 4147, 4092, 4067, 3843, 4160, 3739, 4087, 4054, 3894, 4254, 4043, 4197, 4032, 3520, 4018, 4108, 3395, 4060, 4214, 3808, 4208, 3923, 4455, 3986, 4483, 3657, 4094, 3375, 3738, 3727, 3681, 3672, 2996, 3813, 3383, 3519, 4139, 3908, 4462, 3725, 3657, 3557, 4182, 4461, 3391, 4354, 3941, 4360, 3961, 3898, 3253, 4225, 3697, 4013, 3226, 3703, 4153, 4088, 4269, 3249, 3832, 3197, 3812, 4172, 3945, 4166, 3992, 4120, 3948, 3318, 3282, 3336, 4004, 3412, 3960, 3180, 4194, 3895, 4374, 3238, 3959, 3866, 3421, 3619, 3650, 4141]
LCP1	3962.5	[3714, 3994, 3333, 4075, 4600, 4318, 3999, 3683, 3907, 4222, 3661, 2869, 3759, 4204, 3305, 3933, 4315, 3722, 3925, 3877, 4190, 3642, 4055, 4609, 4438, 4008, 3944, 3583, 3762, 3643, 4582, 4696, 3169, 4205, 4460, 4189, 3838, 4010, 3975, 3962, 4188, 4370, 4157, 4667, 3369, 4220, 4342, 4389, 3706, 3823, 4726, 3692, 3733, 3949, 3765, 3985, 4051, 3820, 2692, 4369, 3594, 3963, 4181, 3974, 3984, 3657, 4109, 4158, 4013, 3847, 3838, 4516, 4362, 3840, 3821, 3566, 3841, 3452, 4056, 4091, 3318, 3851, 4262, 3915, 4150, 3303, 4146, 3836, 3458, 3754, 3475, 4027, 3038, 3264, 4467, 4033, 4449, 3132, 3536, 4399]
MAP4K1	3968.0	[3762, 4510, 3579, 3904, 3911, 4326, 3442, 3329, 2955, 4028, 4195, 3449, 3708, 4634, 3856, 4288, 4116, 3796, 3569, 4032, 3694, 4103, 3591, 5217, 3395, 3991, 4470, 4134, 2500, 4440, 3713, 3240, 4805, 3896, 3651, 4070, 2927, 4234, 3582, 3254, 3379, 4154, 4026, 3280, 3998, 3685, 3902, 3752, 3893, 3750, 2810, 3111, 3945, 4349, 4517, 3896, 4444, 4214, 4847, 3869, 4857, 4433, 4973, 4021, 4357, 3192, 3892, 3439, 2683, 3792, 4266, 3801, 3912, 4506, 3371, 4414, 2929, 4815, 3438, 4200, 3621, 4018, 4359, 4117, 4437, 4234, 4352, 5028, 4000, 4175, 4116, 4648, 3746, 5070, 3677, 3396, 4358, 4124, 4496, 3824]
MX1	3986.0	[4381, 3928, 4101, 3243, 4419, 3403, 3710, 3798, 3718, 3774, 3561, 2938, 2753, 3509, 2910, 4154, 4213, 3894, 4080, 4355, 3616, 3700, 3804, 4586, 4267, 2923, 4054, 4432, 4382, 4202, 3818, 3686, 4433, 4365, 4159, 3698, 3606, 3609, 4360, 4248, 4381, 3081, 4276, 3554, 4377, 3726, 4260, 4465, 3176, 4713, 4083, 3597, 4222, 3842, 3768, 3970, 4317, 4155, 4289, 4010, 3635, 3478, 4566, 3911, 4221, 3531, 4010, 4008, 3899, 3761, 4135, 4349, 4084, 4069, 3524, 4245, 3876, 4048, 3300, 3753, 4037, 3934, 4081, 3705, 4261, 4243, 4002, 4119, 4123, 4312, 4228, 3833, 3357, 3541, 3524, 3707, 3528, 3833, 3618, 5440]
SVIL	4045.0	[3413, 4396, 4532, 3735, 3537, 3757, 4198, 4248, 3850, 3995, 3707, 4509, 2288, 3530, 3869, 3984, 3934, 4349, 4099, 4367, 4512, 3811, 2895, 4345, 3427, 3810, 4456, 4423, 4695, 4065, 4784, 4134, 2837, 4350, 3415, 3425, 4074, 4333, 3418, 4718, 3231, 4221, 4101, 3872, 4444, 3270, 4612, 4358, 4305, 4012, 3714, 3221, 3421, 4853, 4447, 4051, 3864, 3676, 4008, 4112, 3144, 4228, 3118, 4039, 3400, 3350, 3318, 3201, 3717, 3222, 4222, 4975, 4118, 4500, 4345, 3903, 4316, 3434, 4230, 3539, 3622, 4582, 4231, 4276, 2952, 3520, 3671, 2397, 4139, 3171, 4177, 3455, 2840, 4417, 4081, 4516, 4845, 4255, 4256, 4239]
MAFG	4149.0	[3359, 4195, 4277, 3071, 4356, 4675, 3982, 4757, 4403, 3834, 3778, 4982, 4334, 4427, 4497, 3734, 4210, 3431, 4576, 3518, 4353, 3565, 3515, 4526, 3346, 3686, 4606, 3989, 3921, 4293, 3656, 4557, 3704, 3852, 4846, 4186, 4189, 4103, 3268, 4102, 4516, 4060, 4051, 3885, 3820, 4421, 3676, 4965, 4281, 2485, 5334, 4077, 3711, 3968, 3935, 3817, 4202, 4490, 5315, 3687, 4060, 4839, 4296, 4560, 5248, 3901, 4354, 4823, 5138, 4112, 3499, 4075, 4044, 4925, 3940, 3559, 3804, 4844, 5237, 4461, 3433, 3538, 4601, 5451, 4857, 3960, 4440, 3978, 4341, 3915, 4212, 4350, 4447, 3024, 4520, 4544, 3344, 4774, 3854, 3867]
ESR1	4223.5	[4000, 4144, 3166, 4095, 4330, 3987, 4089, 4388, 4642, 4319, 4083, 3999, 4339, 4211, 3877, 4313, 4122, 4571, 4466, 4327, 4542, 4500, 3615, 3866, 3645, 4399, 4707, 3814, 3994, 4398, 3930, 4373, 4209, 3941, 4631, 4121, 3842, 4323, 3724, 3993, 4043, 4264, 4407, 4380, 4037, 4247, 4412, 4543, 4350, 4234, 4017, 4208, 4513, 3925, 4192, 4883, 4704, 3936, 4420, 3863, 4229, 4339, 3868, 3870, 3833, 4459, 4031, 4394, 4034, 4285, 4728, 4497, 4359, 4015, 4661, 4498, 3447, 4243, 3810, 3884, 3256, 4283, 4099, 4150, 4703, 4496, 4120, 4392, 4558, 4300, 4470, 3762, 4143, 4154, 4218, 4773, 4620, 4068, 4277, 4132]
SLC26A6	4227.5	[5403, 4213, 4440, 3649, 5010, 4034, 3571, 5342, 3505, 3614, 3489, 5031, 4393, 4685, 2957, 4612, 4274, 3459, 4871, 3924, 4516, 4242, 3173, 3709, 4671, 4300, 4072, 4916, 4800, 3693, 3306, 2669, 3111, 3940, 4546, 3225, 4302, 3880, 4054, 4480, 4909, 3989, 4456, 4700, 3512, 5259, 3677, 3277, 3189, 4585, 4930, 4091, 3796, 3833, 3321, 3997, 4050, 3774, 3708, 4417, 2854, 4833, 4390, 3440, 4689, 2675, 5399, 2089, 4329, 3947, 4781, 4506, 4703, 3560, 3717, 4643, 4106, 4735, 4543, 4941, 4022, 4279, 4706, 5078, 4496, 4830, 4357, 5045, 4091, 4012, 5330, 4277, 4492, 3737, 3914, 3556, 3838, 3681, 4530, 4760]
SEC24D	4285.5	[4228, 4279, 4679, 4220, 4414, 4631, 3933, 4216, 3773, 4390, 4574, 3739, 4222, 4748, 3947, 4131, 4491, 4248, 4288, 3904, 4901, 4482, 4515, 3761, 3042, 4147, 4222, 4275, 3703, 4666, 4170, 5030, 4296, 3817, 4583, 4529, 3984, 4298, 4834, 4174, 4283, 3503, 4627, 3508, 4125, 4986, 4572, 4863, 4197, 4281, 4783, 4066, 4036, 4778, 4590, 3753, 4085, 4278, 3995, 4199, 4326, 4088, 3959, 4894, 3925, 4592, 3616, 4785, 4703, 4673, 4141, 4512, 4561, 4654, 4351, 5468, 4518, 5063, 4146, 3943, 4424, 4296, 4218, 4700, 4302, 4633, 4238, 4203, 4360, 3971, 4762, 3614, 3934, 4895, 4670, 4179, 4658, 4388, 4309, 3974]
CTAG2	4324.0	[4795, 3111, 4527, 4682, 4540, 4312, 3750, 4151, 3321, 3114, 4235, 3125, 4571, 4616, 4721, 4081, 4506, 3489, 4116, 4853, 5097, 2972, 3986, 3980, 3701, 4373, 4896, 3606, 3592, 4356, 5303, 3447, 4757, 4814, 4701, 3341, 4272, 5845, 4726, 3149, 4706, 4562, 4268, 4882, 4548, 4574, 3342, 3255, 2302, 4140, 4650, 4363, 3518, 3475, 3708, 3739, 2236, 4898, 5041, 3822, 4630, 3128, 4361, 4499, 4336, 4216, 4382, 3249, 3736, 4349, 4557, 4848, 3055, 4746, 4508, 4985, 3151, 4425, 4537, 4687, 3902, 4538, 3640, 4959, 5142, 3886, 4257, 3380, 4156, 5403, 5185, 4387, 2444, 3526, 2838, 2872, 3507, 4371, 5167, 3760]
MYB	4425.5	[4537, 4495, 4249, 4428, 4248, 4556, 4156, 4567, 4418, 4710, 4240, 4538, 4160, 4188, 4548, 4257, 3461, 4460, 4674, 4811, 4397, 4378, 4145, 4588, 4379, 4443, 4515, 4388, 4513, 4823, 4456, 4396, 4745, 4155, 4542, 4552, 3867, 4491, 4659, 4339, 4503, 4759, 4124, 4351, 4428, 4368, 4935, 4747, 4378, 4220, 4823, 4635, 4346, 4576, 4423, 4422, 4352, 3654, 4461, 4679, 3952, 4520, 4474, 4499, 4118, 4562, 4347, 4236, 4240, 4398, 4873, 4423, 4265, 4175, 4561, 4021, 4791, 4158, 4252, 4213, 4219, 4274, 4678, 3820, 4488, 4649, 4551, 4680, 3665, 4978, 4327, 4242, 4357, 4462, 4476, 4646, 4940, 4215, 4150, 4472]
KCNAB1	4478.5	[4854, 4202, 3986, 5217, 4413, 4669, 5059, 4858, 5012, 4475, 4574, 3751, 4208, 4030, 4574, 4853, 4657, 4321, 4113, 4386, 5000, 5030, 4299, 4416, 4144, 4513, 4447, 4678, 4327, 4630, 4466, 4337, 4677, 4456, 4435, 4145, 4478, 4163, 4323, 4426, 4885, 4151, 4684, 4547, 4737, 4617, 3419, 4228, 4400, 4827, 4455, 2933, 4909, 4265, 4642, 4759, 3938, 4218, 4420, 3965, 4533, 4554, 4442, 5030, 4370, 4823, 4482, 4479, 4876, 4583, 4674, 4779, 4565, 4946, 4003, 4379, 3943, 3430, 4553, 4635, 4124, 4540, 4039, 4057, 4244, 4505, 4354, 4099, 4056, 4510, 4497, 4571, 4663, 3961, 4781, 4886, 5260, 4382, 5106, 5044]
IDH3G	4486.0	[4736, 4318, 4227, 4759, 4064, 4772, 4155, 4658, 4430, 4473, 4339, 4850, 5395, 5175, 4656, 3655, 4503, 4004, 4355, 4648, 4903, 4629, 3336, 4482, 4696, 4012, 4559, 4490, 3760, 3773, 4685, 5301, 4703, 5154, 4128, 5514, 4941, 4217, 4826, 3686, 5244, 3654, 3981, 4573, 4204, 3240, 4217, 3805, 3488, 4441, 4524, 4705, 4903, 4924, 4577, 3735, 4241, 3826, 3724, 4182, 4408, 4963, 3148, 5423, 4708, 3591, 4064, 4548, 3553, 4346, 4858, 4694, 4726, 4770, 3529, 5291, 4220, 4794, 4551, 4042, 3967, 4805, 4464, 4739, 4371, 4221, 5144, 5438, 3872, 4652, 4640, 3283, 3947, 4642, 4531, 4275, 4296, 5146, 4525, 4375]
PRAME	4523.0	[4939, 4641, 4069, 4467, 4610, 4801, 4673, 4469, 4310, 4355, 5248, 3378, 3588, 5154, 5094, 4392, 4598, 4481, 4387, 3070, 5220, 4494, 4823, 4374, 4444, 3783, 4982, 4449, 4538, 5057, 4110, 4486, 5498, 4657, 3831, 3973, 4162, 4045, 4572, 4796, 3643, 4448, 5063, 4776, 4320, 5022, 4542, 4404, 4927, 4787, 4291, 4697, 4260, 4899, 4676, 4654, 2577, 4482, 4801, 5076, 4094, 4461, 4550, 4330, 4413, 4106, 4688, 4351, 4374, 4451, 4193, 4692, 5313, 4944, 4655, 3783, 4778, 4927, 4207, 4625, 4769, 4828, 4565, 4279, 4815, 4570, 3969, 4700, 4307, 4532, 4881, 4904, 4424, 4127, 4302, 5132, 4171, 4768, 4514, 4422]
GPLD1	4652.0	[4166, 4112, 4665, 5379, 5503, 4935, 5124, 4371, 4468, 4853, 4354, 4107, 4596, 4676, 4905, 4768, 3569, 4217, 4702, 4350, 4287, 4916, 4635, 4469, 4478, 4636, 5492, 4695, 4867, 4691, 5109, 5456, 4905, 4423, 4980, 5097, 4743, 5121, 4223, 4672, 4298, 5290, 4060, 5281, 4445, 4399, 5094, 4227, 4835, 4250, 4951, 4311, 4281, 4294, 4556, 4305, 4132, 4728, 4549, 4393, 4841, 4579, 4626, 5295, 4893, 5074, 5108, 4958, 4762, 4797, 4261, 5133, 4606, 4201, 5222, 4695, 4081, 5061, 5166, 4880, 4407, 5016, 4253, 5145, 5165, 4639, 3875, 5050, 4434, 5296, 4394, 4244, 4449, 3841, 4821, 4485, 4485, 4763, 4493, 4529]
TFF1	4793.0	[4333, 5043, 5374, 4501, 4804, 5219, 4803, 5068, 4319, 3634, 4927, 4777, 5148, 4492, 4397, 5251, 4713, 5280, 4967, 4675, 4979, 5041, 4503, 5387, 5043, 4812, 5179, 5258, 4109, 4777, 4880, 5158, 4531, 4378, 4631, 4994, 5312, 2034, 4007, 5483, 5328, 4892, 5154, 4801, 4461, 4689, 4085, 4411, 4553, 4770, 4831, 3837, 5023, 4917, 4742, 4853, 4538, 5330, 5018, 4585, 3893, 5278, 5005, 4501, 5200, 4278, 5096, 4666, 5015, 4958, 4593, 4615, 4693, 5002, 4147, 4755, 4297, 3854, 5173, 4883, 5369, 4889, 4696, 4776, 5125, 4754, 4747, 4938, 4728, 4538, 4613, 5202, 5344, 4785, 4124, 4854, 5254, 4683, 3922, 4180]
CYP2C8	4852.0	[3683, 4076, 4152, 5274, 5301, 4906, 4151, 5289, 5426, 5402, 4529, 4435, 4247, 4762, 5201, 4725, 4416, 5572, 5429, 5004, 5045, 3815, 5255, 4639, 4757, 5041, 4845, 4923, 3903, 5122, 4727, 4933, 4763, 4409, 4335, 5451, 5292, 4840, 5179, 5170, 4729, 4120, 4695, 4630, 4256, 3905, 4298, 4978, 4416, 4794, 3353, 4999, 4696, 3784, 4570, 4959, 4983, 5176, 4859, 5168, 5035, 4716, 4888, 4807, 5197, 3694, 4860, 5031, 5078, 4286, 4671, 5023, 4836, 4367, 4230, 5368, 5323, 5189, 4972, 3489, 4876, 4859, 5616, 5331, 5046, 4995, 3648, 4274, 4421, 4506, 4990, 4594, 4323, 5398, 4994, 4955, 4570, 5136, 5138, 4158]
RAB11A	5006.0	[4784, 5050, 5363, 5309, 5588, 4267, 5342, 5256, 4988, 5662, 4948, 5102, 5396, 5100, 4945, 5597, 4572, 4758, 4953, 5003, 5583, 4462, 5184, 4539, 5092, 4714, 5562, 4951, 5240, 5281, 5140, 4910, 4494, 5747, 4955, 4711, 4654, 5421, 4370, 4969, 4957, 4167, 4266, 5498, 5266, 5129, 5340, 5589, 4967, 4867, 5559, 5200, 5060, 5172, 4795, 5096, 4806, 3858, 4714, 4875, 5104, 4596, 4812, 5130, 4640, 4455, 4690, 5536, 5163, 5135, 5413, 4881, 4836, 5326, 5258, 4762, 5529, 4621, 5291, 4706, 5260, 5040, 5168, 5002, 5455, 4977, 4392, 5523, 5049, 4554, 4818, 4646, 4800, 4984, 5310, 5009, 5302, 5324, 4670, 4736]
MYO5B	5279.5	[5616, 5273, 5184, 5799, 5341, 4978, 5316, 5004, 5181, 4948, 5388, 5358, 5534, 5788, 5099, 3182, 5530, 5016, 4350, 5154, 5512, 4951, 5749, 5439, 5326, 5232, 5374, 5343, 4938, 4166, 5211, 5772, 5443, 5369, 5407, 4726, 4864, 5221, 5581, 5703, 3901, 5286, 4698, 5197, 5337, 5334, 5352, 5255, 4907, 4376, 4981, 5411, 5348, 5520, 5428, 5085, 4964, 5261, 5323, 4502, 4050, 5467, 5145, 5936, 5149, 5473, 5550, 5481, 5345, 4914, 5315, 5765, 5237, 5494, 4881, 4842, 5161, 5351, 4952, 5078, 5340, 5451, 4685, 5292, 5169, 5057, 5409, 5389, 5273, 5045, 4921, 5303, 5308, 5495, 4137, 5575, 5121, 5300, 5203, 4923]
GRP	5282.0	[5504, 5772, 5364, 5660, 5315, 5333, 5190, 5079, 5643, 5137, 5535, 5328, 5615, 4677, 5630, 5683, 5829, 5433, 5762, 5550, 5175, 5512, 5104, 5334, 5654, 4630, 5393, 5337, 4556, 5063, 5684, 5205, 5466, 4993, 5385, 5148, 5188, 5256, 4970, 5694, 5386, 4949, 5349, 5672, 5358, 5253, 5411, 5392, 4786, 5371, 4832, 4825, 5237, 5413, 5310, 5267, 5716, 4665, 5311, 4680, 4000, 5700, 5169, 4784, 4887, 5441, 4866, 5556, 5075, 5149, 5632, 4987, 5111, 5195, 5290, 5274, 5529, 5569, 5154, 5614, 5705, 5140, 5064, 5199, 5356, 5529, 5229, 5202, 4821, 5217, 4885, 5228, 5385, 4652, 5427, 5111, 5098, 5772, 4668, 5180]
CHGB	5326.0	[5269, 4792, 5213, 5704, 5406, 4583, 5283, 5475, 5406, 5456, 5492, 5252, 5204, 4605, 5552, 5382, 5537, 5249, 5478, 5122, 5380, 5286, 5154, 4288, 4952, 5168, 5210, 5187, 5678, 5739, 5483, 5628, 5406, 5539, 5849, 5389, 4801, 4220, 5441, 5594, 5237, 5431, 5279, 5374, 5072, 5177, 5521, 5438, 5339, 5192, 5028, 6122, 5274, 5032, 5236, 5748, 5678, 5456, 5054, 5427, 5581, 5459, 4941, 5472, 4652, 4839, 5666, 5618, 5167, 5289, 5473, 5389, 4732, 5297, 4355, 5321, 5678, 5618, 5508, 4651, 5295, 5530, 5395, 5303, 5840, 5331, 5487, 5180, 5281, 4378, 5484, 4902, 5210, 5500, 5098, 5537, 5505, 4153, 5190, 4373]
IGHG3	5358.5	[4263, 5250, 5170, 5574, 5499, 4920, 4922, 5380, 5400, 5695, 4977, 5604, 5094, 5339, 5801, 5138, 5334, 5392, 5378, 5470, 5726, 4702, 5296, 5621, 6104, 5502, 5471, 5659, 6035, 5499, 4930, 5654, 5195, 4945, 5279, 5551, 5090, 5400, 5159, 5287, 5489, 5360, 5270, 5421, 4598, 5491, 5455, 4963, 5044, 5075, 5599, 6081, 5569, 5721, 4731, 5348, 5557, 4869, 3928, 5062, 5637, 4922, 5383, 5585, 5117, 5364, 5411, 5748, 5598, 5276, 5527, 5223, 5457, 5360, 5291, 5334, 5301, 5652, 5538, 5233, 5420, 4710, 5327, 5111, 5344, 5154, 5486, 4659, 5287, 5253, 5369, 5442, 4877, 4987, 4858, 5402, 5558, 5357, 6123, 5341]
TTYH1	5410.0	[5629, 3629, 3421, 1301, 5499, 5457, 5703, 3596, 5230, 4909, 5319, 3482, 5485, 5163, 5937, 5533, 4211, 5756, 4608, 4774, 5637, 5152, 3602, 4993, 5274, 5526, 5313, 5494, 4713, 4253, 5708, 5202, 5470, 5876, 5469, 5403, 5111, 5571, 5445, 5216, 5229, 5410, 5542, 5474, 4102, 5641, 5205, 4722, 5581, 4286, 5140, 5249, 5556, 4860, 4921, 6012, 5263, 5859, 6167, 6017, 5369, 5003, 3403, 5352, 5552, 5346, 5877, 4776, 5774, 5195, 5674, 5815, 5676, 5920, 5869, 4461, 5578, 5452, 5087, 5844, 5122, 5822, 5854, 5410, 5124, 5972, 5970, 5663, 5734, 5539, 4913, 5689, 5876, 5337, 5769, 3572, 4915, 5648, 5644, 5396]
MYO5A	5437.5	[4287, 5580, 5100, 5703, 5360, 5603, 5433, 5490, 5496, 5639, 4509, 5276, 5563, 4881, 5496, 5255, 4822, 5162, 5675, 5030, 5321, 5385, 5681, 4813, 5322, 5377, 5879, 5272, 5525, 5712, 4583, 5414, 5491, 5769, 5265, 5702, 5051, 5660, 5123, 5193, 5272, 5446, 5708, 5286, 5696, 5323, 5499, 5504, 4614, 5745, 5759, 5316, 5529, 5431, 5273, 5589, 5437, 5708, 5081, 5528, 4861, 5562, 5699, 5441, 5303, 5225, 5438, 5638, 5385, 4256, 5708, 4712, 5379, 5950, 5417, 5544, 5616, 4666, 4926, 5382, 5486, 5624, 5004, 5840, 5060, 5530, 5640, 5701, 5650, 5732, 5620, 5441, 5664, 4541, 4759, 4304, 5119, 4625, 5552, 5697]
SMARCB1	5842.5	[5672, 5684, 5347, 5913, 5919, 5507, 5691, 6032, 5446, 5582, 5537, 5639, 5703, 5698, 6007, 5855, 3596, 5925, 5899, 5476, 5706, 5387, 6037, 5890, 3944, 5925, 6154, 5598, 5731, 5728, 5994, 5930, 6006, 6117, 5723, 6038, 5981, 6045, 5749, 5607, 6090, 6012, 6025, 5699, 5903, 5894, 6093, 5632, 5929, 5282, 6012, 5998, 5635, 5931, 5703, 5613, 6039, 5745, 6032, 5624, 5931, 5945, 6041, 5900, 5825, 5671, 5934, 5550, 5793, 5798, 5587, 5730, 5949, 5956, 5940, 5828, 5494, 6069, 5873, 5934, 5897, 5820, 5635, 6034, 6042, 5842, 5186, 5765, 5724, 5977, 6053, 5992, 6038, 5716, 5673, 5395, 5377, 5475, 5923, 5843]
TFF3	5846.0	[5552, 5766, 5908, 5712, 5994, 5879, 5789, 5523, 5861, 5816, 5641, 5854, 5963, 5703, 5859, 5677, 5984, 5959, 5897, 5578, 5713, 5691, 5864, 5516, 5957, 5620, 5723, 5811, 5990, 5844, 5857, 6027, 5926, 5594, 6216, 5817, 5935, 5869, 5839, 5648, 5815, 5844, 6293, 5830, 5846, 5774, 6063, 5800, 5778, 5931, 5897, 6048, 5714, 5846, 5867, 5653, 5841, 5821, 5599, 5903, 5869, 5859, 5882, 5884, 5808, 5735, 5810, 5978, 5469, 5860, 5854, 5856, 5953, 5731, 5905, 5928, 5934, 5906, 5775, 5876, 5736, 5765, 5912, 5738, 5608, 5930, 5958, 5786, 5789, 6007, 5595, 5914, 5851, 5943, 5777, 5940, 5904, 5820, 5551, 5781]
ERBB2	5849.0	[5847, 5896, 5907, 5821, 5930, 5827, 5900, 5873, 5788, 5887, 5916, 5940, 5962, 5833, 5766, 5607, 5828, 5979, 5632, 5850, 5922, 5891, 5926, 5876, 5809, 5847, 5747, 5615, 5706, 5707, 5750, 5564, 5849, 5715, 5852, 6000, 5823, 5875, 5915, 5887, 5687, 5833, 5882, 5956, 5801, 5889, 5789, 5871, 5969, 5822, 5886, 5959, 5832, 5955, 5821, 5871, 5924, 5725, 5897, 5622, 5900, 5786, 5849, 5951, 5626, 5751, 5930, 5687, 5807, 5895, 5752, 5027, 5819, 5871, 5907, 5746, 5862, 5830, 5838, 5841, 5939, 5919, 5953, 5801, 5931, 5736, 6004, 6018, 5886, 5828, 5890, 5858, 5846, 5952, 5017, 5708, 5829, 5794, 5835, 5936]
BCL7B	5859.0	[5868, 5912, 5902, 5885, 5546, 5826, 5447, 5975, 5910, 6005, 5712, 5924, 5752, 6007, 5765, 5914, 5963, 5986, 5755, 5908, 5982, 5865, 5884, 5787, 5999, 5860, 5843, 5810, 5914, 5543, 5860, 5862, 6113, 5724, 5516, 5861, 5989, 5786, 5571, 5839, 5663, 5965, 5962, 5778, 5749, 6005, 5706, 5497, 5380, 5850, 5850, 5798, 5962, 5503, 5892, 5445, 5858, 5873, 5606, 5694, 5908, 5652, 5821, 5805, 5934, 5947, 5889, 5328, 5802, 5912, 5671, 6023, 5739, 5992, 6035, 5504, 5634, 5973, 5976, 5813, 5753, 5735, 5723, 5581, 5775, 6099, 5964, 5983, 5485, 5914, 5914, 5693, 5933, 5881, 6168, 5814, 5795, 5666, 6092, 6018]
P2RY4	6030.5	[6067, 6257, 5761, 6103, 5914, 6137, 5668, 6080, 5974, 5453, 6289, 6171, 6103, 5652, 6174, 6182, 6189, 5700, 6061, 6155, 6173, 5817, 6108, 5571, 6244, 5934, 6265, 6284, 5803, 5814, 6156, 5330, 5316, 5887, 5842, 6130, 5896, 6175, 6212, 6071, 6122, 6101, 4978, 5073, 5844, 5918, 6271, 6088, 5844, 6070, 4770, 5976, 6022, 6061, 6274, 5831, 6277, 4922, 6179, 6009, 6141, 5900, 5963, 5556, 6129, 6058, 6088, 6194, 5688, 5925, 6127, 5903, 5445, 5476, 5897, 6077, 6197, 5933, 6183, 4811, 5880, 6039, 6230, 5823, 5743, 5774, 6229, 5922, 5613, 6143, 6159, 6066, 6269, 5941, 5856, 6255, 6065, 5869, 5816, 5659]
CDH17	6037.0	[6144, 6115, 5842, 5757, 6095, 5315, 6065, 6164, 6358, 6166, 4544, 5611, 6055, 6100, 6118, 5448, 6022, 6009, 6000, 6045, 6030, 6158, 5773, 6048, 5897, 6022, 6195, 6124, 6145, 6011, 4404, 6066, 5988, 5242, 5941, 5071, 6040, 6177, 5900, 6123, 5980, 6195, 6174, 6120, 5997, 6103, 4887, 5982, 5493, 6108, 4876, 5782, 5866, 5091, 6041, 6191, 6311, 6135, 6127, 5850, 4654, 5948, 6028, 6092, 6112, 4879, 6002, 6089, 6193, 6018, 6149, 6122, 6107, 6133, 6028, 5700, 6110, 5644, 6174, 6269, 5864, 5972, 6049, 6213, 6037, 5905, 6068, 5891, 5164, 5214, 5961, 5683, 6094, 6175, 6037, 6116, 6045, 6120, 5991, 5976]
LRPAP1	6253.0	[6294, 6277, 6217, 5592, 6244, 6245, 6257, 6327, 6260, 6311, 6074, 5904, 6305, 6285, 6331, 6303, 6331, 6279, 6275, 6314, 6157, 6305, 6191, 6290, 6164, 6214, 6302, 5926, 6278, 6005, 6153, 6246, 6253, 6081, 6317, 6251, 5768, 6205, 6275, 6287, 6140, 6200, 6004, 6270, 6275, 6090, 6266, 6306, 6035, 6230, 6231, 6227, 6317, 6291, 6265, 6196, 6291, 6161, 6298, 6261, 6182, 6310, 5874, 6144, 6195, 6297, 6288, 6110, 6282, 6267, 5846, 6080, 6192, 6209, 5622, 6281, 6293, 6078, 6228, 6283, 6234, 6142, 6120, 6263, 6309, 6241, 6331, 5557, 6193, 6317, 6048, 6274, 6281, 6312, 6279, 5994, 6326, 6253, 6265, 6011]
GPR12	6265.5	[6319, 6240, 6259, 6284, 6315, 6283, 6228, 6294, 6238, 6235, 6259, 6317, 6300, 6296, 6310, 6296, 6279, 6063, 6249, 6212, 6277, 6263, 6314, 6300, 6204, 6197, 6295, 6289, 5924, 6279, 6299, 6198, 6308, 6214, 6119, 6273, 6271, 6234, 4303, 6264, 6352, 6337, 6293, 6203, 6258, 6272, 6273, 6228, 6305, 6258, 6160, 6294, 6287, 6295, 6258, 6212, 6183, 6267, 6256, 6213, 6301, 6215, 6254, 6261, 6345, 6366, 6229, 6297, 6242, 6288, 6209, 6303, 6259, 6321, 6286, 6269, 6298, 6308, 6312, 6299, 6204, 6290, 6239, 6130, 6195, 6284, 6096, 6170, 6023, 6266, 6257, 6331, 5878, 6265, 6325, 6234, 6233, 6217, 6171, 6269]
MAS1	6324.0	[6301, 6176, 6288, 6269, 6332, 6339, 6335, 6016, 6376, 6409, 6286, 6353, 6202, 6231, 6341, 5538, 6350, 6340, 6351, 6257, 5932, 6355, 6358, 6333, 6345, 6248, 6355, 6331, 6344, 6372, 6351, 6351, 6333, 6195, 6298, 6356, 6321, 6145, 6392, 6299, 6359, 6319, 6397, 6357, 6351, 6327, 6411, 6274, 6326, 6214, 6327, 6361, 6310, 6344, 6217, 5892, 6377, 6293, 6365, 6370, 6237, 6294, 6377, 6074, 6317, 6352, 6232, 6346, 6334, 6347, 6318, 6322, 6154, 6228, 6247, 6253, 6302, 6144, 6275, 6371, 6238, 6283, 6287, 6301, 6334, 6229, 6322, 6223, 6316, 6361, 6262, 6326, 6340, 6271, 6380, 6292, 6347, 6334, 6366, 6198]
KCNIP1	6453.0	[6456, 6463, 6463, 6437, 6457, 6466, 6458, 6460, 6416, 6460, 6458, 6458, 6459, 6464, 6462, 6452, 6462, 6458, 6454, 6457, 6435, 6453, 6448, 6453, 6454, 6456, 6460, 6446, 6451, 6452, 6464, 6449, 6441, 6441, 6457, 6444, 6460, 6465, 6463, 6450, 6415, 6464, 6441, 6371, 6457, 6443, 6446, 6457, 6457, 6426, 6457, 6439, 6455, 6453, 6453, 6437, 6447, 6448, 6429, 6455, 6453, 6446, 6440, 6446, 6454, 6450, 6433, 6433, 6447, 6449, 6452, 6464, 6461, 6450, 6458, 6400, 6427, 6445, 6438, 6444, 6458, 6457, 6463, 6446, 6446, 6437, 6432, 6468, 6455, 6459, 6455, 6452, 6451, 6455, 6436, 6460, 6436, 6426, 6441, 6457]
RFPL3	6485.0	[6457, 6482, 6488, 6483, 6485, 6489, 6484, 6483, 6486, 6485, 6476, 6486, 6485, 6476, 6486, 6487, 6485, 6486, 6484, 6485, 6485, 6483, 6476, 6486, 6485, 6482, 6483, 6484, 6480, 6485, 6482, 6474, 6490, 6484, 6477, 6487, 6489, 6489, 6487, 6485, 6484, 6484, 6484, 6484, 6486, 6474, 6489, 6483, 6487, 6487, 6482, 6481, 6486, 6479, 6484, 6487, 6487, 6486, 6486, 6471, 6486, 6477, 6436, 6479, 6488, 6489, 6484, 6479, 6489, 6483, 6484, 6485, 6483, 6487, 6481, 6487, 6488, 6487, 6485, 6483, 6481, 6487, 6483, 6485, 6485, 6481, 6485, 6482, 6485, 6487, 6491, 6484, 6484, 6483, 6466, 6482, 6477, 6487, 6488, 6487]
