Gene	Median Rank	Full Ranks
MAS1	801.0	[9859, 670, 23, 6084, 9356, 151, 115, 630, 9836, 118, 36, 488, 155, 1122, 48, 334, 9777, 4460, 38, 140, 196, 9390, 9864, 110, 11, 9683, 154, 606, 2005, 553, 149, 45, 38, 34, 1468, 67, 9216, 9761, 747, 9655, 9501, 1042, 9440, 9800, 1838, 142, 810, 3998, 52, 7, 14, 9850, 26, 12, 8573, 448, 670, 9736, 1636, 193, 7953, 9866, 218, 491, 9349, 911, 4, 922, 182, 486, 26, 792, 72, 9821, 9776, 9870, 54, 9490, 7890, 1321, 9451, 3941, 49, 9716, 183, 155, 9808, 7541, 9840, 9682, 25, 252, 9841, 4214, 910, 7195, 3084, 111, 9433, 207]
RFPL3	1380.5	[204, 7026, 32, 273, 541, 448, 1957, 1172, 9655, 7225, 765, 2300, 35, 6309, 95, 9731, 9669, 12, 3727, 8036, 9866, 45, 9777, 133, 363, 235, 8631, 617, 426, 9748, 19, 171, 1463, 1840, 4376, 948, 1282, 9289, 4777, 6285, 762, 678, 9616, 174, 9389, 1368, 639, 1709, 77, 3592, 18, 7394, 284, 159, 9849, 28, 8825, 9354, 751, 7197, 215, 1255, 281, 4884, 62, 1599, 218, 9601, 9793, 79, 9201, 9584, 181, 9556, 6859, 9722, 9617, 9752, 8464, 340, 35, 72, 9505, 5132, 103, 9662, 274, 9819, 14, 6318, 9571, 1257, 9438, 451, 195, 57, 2977, 1393, 663, 1257]
CDC42BPB	2329.5	[1912, 7695, 5535, 7012, 2361, 1001, 130, 2190, 8935, 3484, 926, 125, 9425, 8403, 1910, 9656, 3914, 7689, 1228, 8879, 292, 2884, 244, 1785, 1310, 8419, 5514, 164, 7129, 2230, 9635, 366, 693, 6577, 1060, 4348, 8164, 258, 276, 7474, 231, 6119, 3121, 838, 1561, 681, 8202, 8044, 948, 657, 9085, 2120, 493, 744, 5461, 7391, 700, 4465, 3508, 485, 8955, 8696, 140, 9633, 369, 430, 86, 438, 8507, 9751, 7240, 5169, 290, 4312, 193, 509, 1165, 82, 441, 1931, 9248, 9228, 7890, 1267, 2298, 7465, 4325, 8682, 6078, 7446, 898, 7673, 2436, 7270, 1431, 9225, 1240, 612, 2039, 1387]
CHGB	2485.0	[431, 2680, 1177, 2169, 337, 1016, 5624, 6928, 7810, 1228, 4111, 1033, 9410, 799, 6595, 1711, 7770, 8156, 4178, 2420, 3063, 7094, 4692, 6659, 673, 3261, 1555, 5978, 4937, 6225, 5734, 5794, 5667, 3268, 961, 5788, 3925, 756, 4167, 909, 881, 1804, 1325, 2762, 2448, 379, 2665, 2450, 1701, 3311, 236, 2499, 3191, 7116, 7996, 254, 5925, 2994, 2471, 1861, 1868, 3573, 3251, 294, 2603, 2093, 634, 1145, 5711, 7792, 545, 2315, 4876, 1754, 4369, 947, 1819, 5808, 349, 5102, 1752, 6034, 1392, 279, 1576, 4357, 1389, 1675, 835, 322, 1044, 8834, 5107, 4573, 7039, 714, 2033, 1646, 1746, 5052]
PARG	2580.5	[398, 4968, 2459, 8331, 1607, 987, 2183, 2418, 6246, 7534, 696, 5450, 4389, 492, 1771, 7600, 9376, 852, 3458, 537, 375, 2435, 2942, 1322, 530, 1648, 1261, 5834, 1824, 2656, 8866, 6332, 839, 9173, 2289, 801, 220, 8228, 689, 8521, 1655, 2364, 522, 1663, 541, 2037, 9518, 857, 2571, 5564, 4868, 608, 841, 5567, 7896, 1229, 501, 6564, 2590, 1141, 1975, 1291, 8183, 1789, 266, 8770, 1459, 471, 5210, 8576, 3682, 8448, 8399, 7584, 2103, 9374, 6728, 3725, 4529, 9655, 6629, 9099, 626, 662, 6229, 614, 198, 1465, 7576, 7033, 6454, 4684, 8260, 4437, 5894, 8342, 1377, 8460, 5845, 1412]
SFRP5	2794.0	[7425, 7377, 4127, 3595, 5980, 766, 9624, 5951, 1331, 1609, 9538, 2096, 7371, 1094, 3195, 1297, 2217, 8818, 9354, 1821, 1230, 1124, 9325, 1386, 5951, 8586, 1838, 2478, 1159, 8298, 2763, 1113, 9037, 423, 2163, 4589, 5591, 7187, 4837, 7857, 1248, 5034, 2709, 1232, 468, 2748, 2108, 6081, 8220, 1560, 795, 2825, 215, 1076, 1753, 1543, 2360, 1207, 1600, 7400, 5765, 4659, 6031, 2181, 7581, 4587, 565, 7259, 2462, 831, 1446, 2524, 7036, 6657, 3498, 1315, 6472, 2519, 1105, 8370, 7283, 6847, 9099, 1907, 1235, 6518, 8926, 700, 1776, 1479, 5645, 3258, 6851, 5959, 6983, 879, 4918, 1979, 7075, 511]
IGHG3	2859.5	[2803, 19, 9244, 400, 97, 271, 9869, 9824, 9363, 2835, 197, 3050, 9842, 9233, 4416, 9443, 674, 602, 18, 285, 9595, 9784, 122, 131, 7993, 51, 9796, 58, 149, 155, 60, 9555, 3574, 137, 6964, 3655, 9717, 20, 8934, 972, 9849, 9848, 69, 372, 8378, 7702, 2414, 9691, 4318, 225, 8833, 9867, 9786, 9476, 8808, 9797, 1432, 1916, 9717, 6303, 491, 9473, 109, 191, 20, 676, 40, 8502, 9691, 7362, 34, 2401, 9, 171, 9608, 229, 6259, 8879, 2748, 121, 9682, 5325, 9790, 18, 1437, 8207, 9493, 9850, 9611, 2305, 1, 32, 169, 300, 2884, 8376, 694, 366, 716, 9636]
SHBG	2915.5	[92, 262, 8441, 9861, 42, 387, 24, 2193, 712, 1947, 9063, 7533, 4490, 9769, 3301, 9188, 595, 25, 44, 8857, 7549, 6182, 7394, 9812, 290, 1959, 9819, 235, 9038, 9578, 9838, 117, 4942, 5982, 9712, 3756, 8331, 9873, 9799, 61, 59, 9637, 9777, 143, 46, 9568, 1578, 222, 86, 918, 9763, 16, 23, 9271, 9485, 8161, 746, 20, 1290, 8077, 9512, 25, 9398, 153, 9603, 9173, 6965, 58, 7515, 17, 2256, 9753, 212, 9719, 112, 2, 5344, 9832, 676, 2746, 9800, 298, 95, 194, 1493, 1, 9865, 9747, 197, 177, 1805, 4336, 4833, 9784, 2986, 768, 9391, 2845, 575, 399]
OR10H1	3055.5	[1050, 83, 2392, 1907, 662, 1102, 141, 75, 1482, 8667, 8794, 376, 3695, 6935, 2474, 7489, 1085, 6143, 9755, 2333, 1390, 561, 1606, 8332, 8945, 9431, 9699, 1429, 1179, 1282, 2550, 651, 7065, 9785, 9516, 3071, 587, 7883, 7737, 205, 9302, 63, 3040, 8332, 1940, 1519, 6318, 971, 8951, 8154, 8727, 128, 290, 1139, 1716, 7056, 7993, 8822, 6046, 584, 5816, 7636, 5467, 6787, 1470, 359, 503, 8670, 9678, 7009, 9167, 1804, 6153, 440, 206, 5253, 133, 904, 9814, 1226, 4340, 1275, 1141, 6030, 391, 9585, 7694, 7431, 9027, 591, 5684, 2646, 9537, 9378, 9112, 381, 5170, 9264, 590, 2182]
PSG6	3068.0	[396, 3733, 519, 187, 732, 7428, 9581, 5179, 8569, 1348, 9019, 2071, 221, 1705, 441, 9243, 5878, 720, 4246, 592, 143, 2966, 507, 1548, 719, 6037, 135, 454, 7397, 5862, 9756, 775, 3436, 9717, 3246, 2892, 1017, 286, 3762, 461, 1474, 9256, 701, 2298, 1595, 608, 6164, 9865, 2538, 9668, 801, 1290, 8538, 7494, 9291, 9562, 2031, 2125, 330, 7251, 6802, 2258, 6215, 7876, 1288, 3170, 158, 9786, 438, 5945, 390, 336, 8377, 9762, 1941, 9612, 5708, 456, 1075, 6106, 5054, 1849, 1505, 4859, 245, 3597, 9615, 6542, 8712, 2233, 9236, 1207, 7533, 3279, 6820, 3589, 1456, 4097, 940, 4808]
SLC1A1	3711.5	[5592, 3297, 4400, 5374, 6291, 6702, 4847, 1993, 6452, 713, 656, 6180, 3090, 7576, 5993, 6305, 1831, 1254, 1297, 4572, 302, 5958, 4038, 5385, 3575, 5254, 7118, 1542, 1352, 2635, 791, 2556, 4704, 7587, 5069, 3737, 899, 1789, 6269, 1792, 3686, 5499, 7675, 3964, 3406, 962, 8541, 725, 1247, 2167, 3354, 4664, 6288, 1468, 8156, 1952, 2489, 3121, 5191, 2653, 9015, 3996, 2469, 3106, 2959, 1591, 2448, 4842, 2031, 1646, 7511, 1799, 5952, 5263, 8055, 7220, 8594, 3303, 7325, 3304, 5523, 4575, 4103, 472, 2306, 1147, 4423, 3156, 4330, 3400, 8810, 2859, 8234, 2343, 2570, 5403, 2296, 6865, 741, 8378]
SMARCD1	3786.0	[945, 1929, 3446, 7332, 4327, 8698, 4892, 7346, 5622, 8161, 7939, 701, 329, 1696, 8809, 2328, 2227, 4319, 1755, 1487, 1640, 620, 4392, 2263, 4382, 1916, 406, 6039, 1522, 3248, 1744, 5712, 3244, 3583, 3211, 1804, 1368, 6588, 1911, 9115, 975, 7843, 843, 4491, 2154, 4521, 4101, 2926, 3158, 4655, 4000, 7723, 4092, 9183, 3539, 2845, 7191, 1730, 3911, 3309, 7467, 5632, 8622, 1532, 6365, 8272, 7392, 8557, 4641, 3661, 1065, 7447, 1073, 4094, 265, 6778, 4405, 7350, 1199, 1847, 968, 7837, 2900, 7948, 8251, 1000, 1096, 1998, 2591, 3116, 4465, 8661, 2021, 4482, 4585, 3388, 4116, 8406, 3346, 8231]
MYO5A	3911.0	[2829, 715, 7613, 1979, 4122, 2332, 5504, 2006, 7057, 626, 4261, 6117, 5659, 3508, 6037, 7463, 3684, 942, 3734, 6645, 7466, 8544, 3930, 8207, 1576, 1943, 3457, 2263, 6889, 319, 3876, 8963, 5886, 3220, 8665, 3165, 1359, 1353, 1250, 2656, 3920, 5675, 7453, 5430, 6683, 7219, 3411, 5010, 2673, 2753, 7019, 2735, 2228, 7503, 2439, 2293, 1095, 6170, 4180, 1273, 2999, 653, 6437, 6590, 1956, 7054, 5856, 9238, 2580, 1770, 5923, 2261, 6138, 3344, 2504, 3902, 4407, 1067, 1347, 5288, 9057, 1050, 9141, 2868, 3984, 7987, 8695, 7713, 4890, 2579, 2562, 2080, 8904, 4494, 2086, 3495, 4008, 6552, 4835, 2901]
PZP	3931.0	[2786, 291, 404, 238, 1917, 5554, 9800, 9338, 6278, 9708, 62, 9610, 9454, 9812, 1938, 787, 2605, 9419, 583, 1182, 492, 831, 3724, 962, 7735, 275, 1415, 3038, 6570, 3088, 606, 132, 7556, 9634, 6371, 71, 685, 9705, 3048, 4465, 9773, 205, 3551, 2078, 6127, 2249, 9778, 4921, 187, 2202, 468, 92, 9689, 529, 200, 2707, 100, 9275, 9841, 8634, 9128, 9818, 39, 8534, 3234, 6792, 9796, 6363, 9716, 3600, 9722, 1917, 9690, 4726, 3360, 236, 5625, 8842, 9739, 9843, 6744, 9091, 542, 5193, 9736, 9486, 4138, 9606, 9470, 1063, 7053, 1037, 9621, 9726, 2148, 201, 373, 88, 2925, 6103]
SEC24D	4032.5	[2483, 2505, 8443, 4918, 7295, 8591, 1966, 1419, 3201, 7953, 8114, 2434, 7949, 8194, 1233, 1372, 4599, 6415, 5248, 8036, 6566, 5873, 5651, 6401, 2835, 4266, 1316, 787, 5713, 2483, 6915, 6688, 953, 4026, 7515, 7332, 2206, 3447, 1923, 3052, 8709, 1348, 2347, 4167, 5893, 7222, 2371, 8393, 401, 6453, 4296, 4039, 5279, 2625, 619, 4617, 5751, 1719, 3955, 4423, 7189, 1486, 2394, 3113, 1862, 4393, 1434, 3704, 3375, 8348, 2420, 2681, 2365, 5459, 2968, 4824, 5360, 2817, 7988, 2248, 3682, 7262, 7217, 4224, 841, 3463, 3295, 3115, 1504, 1202, 5974, 2226, 1168, 4177, 6624, 8561, 1486, 1452, 5374, 5020]
LRPAP1	4036.5	[2160, 7377, 3164, 3778, 3099, 9233, 1240, 6503, 6686, 3769, 2204, 1703, 5401, 3024, 1828, 4043, 5355, 7620, 6400, 4823, 3906, 5654, 4831, 1860, 9105, 2795, 5241, 2402, 3048, 2134, 2669, 5548, 5878, 2409, 2195, 2854, 5998, 3569, 7606, 1929, 1129, 3282, 4030, 4166, 2807, 3441, 2428, 2173, 1933, 4344, 1601, 6116, 2728, 6103, 1247, 3048, 8781, 3617, 4365, 2468, 7802, 3966, 8492, 7329, 8574, 5759, 1174, 4717, 7531, 6826, 7102, 7198, 4716, 1180, 5798, 7325, 1531, 7852, 8083, 7070, 1161, 8652, 7315, 6940, 1649, 7908, 3586, 9153, 7325, 1383, 3390, 4997, 3029, 3654, 1671, 8679, 4870, 1429, 6072, 3857]
PTAFR	4047.0	[9483, 7530, 4555, 6185, 5075, 1518, 3400, 967, 8216, 1099, 8941, 8702, 422, 846, 8361, 857, 3609, 4051, 7186, 6323, 8071, 945, 1978, 3150, 4043, 914, 5852, 9205, 1317, 8559, 1204, 8836, 390, 808, 9297, 7531, 5195, 1281, 7688, 6724, 2774, 2913, 1660, 5804, 7727, 915, 2559, 5365, 9430, 9183, 1349, 7722, 4518, 1872, 1450, 5025, 3761, 2741, 455, 1448, 8468, 8590, 546, 5345, 6811, 6601, 3063, 8543, 2365, 902, 608, 1430, 5997, 3996, 1688, 2098, 708, 9291, 5762, 3640, 3390, 8830, 4958, 2094, 6885, 9353, 4160, 6032, 1287, 5985, 6122, 740, 2263, 2186, 6696, 4566, 8745, 2789, 2516, 649]
LRMP	4093.5	[5444, 7955, 2225, 8206, 2275, 7285, 1192, 2007, 5146, 5676, 6313, 1789, 1447, 3273, 7753, 2063, 2469, 6709, 2339, 9002, 1935, 8463, 3708, 2323, 4558, 1250, 9264, 4237, 7322, 5732, 2772, 6617, 2091, 3266, 7939, 6620, 2309, 3649, 1100, 5174, 5010, 6550, 7592, 7045, 1787, 2149, 6608, 5744, 8880, 1462, 4013, 6782, 7473, 6117, 2471, 3723, 1609, 5882, 7274, 3628, 614, 1114, 3630, 668, 3980, 1232, 8193, 3471, 5125, 6953, 4163, 3430, 2788, 6486, 3026, 1817, 6785, 452, 1856, 5440, 8000, 2828, 1033, 4768, 5026, 4098, 533, 5884, 3636, 932, 4489, 5275, 3868, 4089, 5344, 4939, 4297, 6669, 2545, 2507]
CPB1	4173.5	[6503, 8959, 2063, 9355, 7986, 6797, 8869, 7637, 5954, 5131, 2880, 3522, 2420, 1831, 8525, 4865, 5891, 7959, 3775, 693, 8890, 3082, 1200, 8155, 7479, 3263, 8841, 1952, 1691, 3824, 947, 6102, 7646, 2012, 6747, 5804, 9628, 803, 3325, 5594, 1976, 1902, 3198, 5045, 2047, 9147, 5812, 4204, 6021, 1970, 4408, 4499, 2196, 3911, 6438, 7739, 951, 7061, 1061, 8735, 4143, 8243, 3047, 757, 1725, 2494, 1777, 8214, 1592, 5793, 1379, 3584, 2745, 3561, 8878, 7257, 355, 6040, 392, 6488, 2022, 7739, 609, 8936, 6556, 301, 1041, 4820, 4026, 3554, 590, 7283, 3958, 3313, 4212, 998, 8937, 2708, 7023, 9046]
PIP	4332.5	[9386, 5695, 7835, 3093, 5543, 2747, 9008, 8185, 697, 7250, 2049, 8328, 3187, 4413, 741, 8075, 4017, 6653, 9149, 4102, 5758, 4252, 2742, 2341, 332, 3755, 7111, 2241, 1366, 9124, 1477, 3056, 5967, 1867, 5593, 4416, 7597, 961, 8558, 4831, 4511, 2469, 3021, 1000, 1049, 2659, 7215, 9040, 841, 1156, 7399, 3518, 6809, 4727, 8216, 442, 6116, 2819, 6397, 9210, 4792, 6528, 9322, 453, 7740, 5376, 3653, 3574, 2065, 5941, 1410, 4435, 2649, 1137, 9137, 1153, 965, 698, 1651, 7743, 8533, 6333, 996, 634, 6097, 868, 1056, 7632, 9101, 2852, 6401, 9662, 8156, 5772, 1529, 2831, 663, 1363, 8055, 2760]
COL11A1	4367.5	[3924, 5329, 4665, 4397, 6003, 3923, 1345, 7191, 2388, 2929, 4873, 3328, 6620, 6917, 3813, 4088, 7573, 3928, 6438, 2317, 3123, 5389, 2666, 6584, 1325, 6145, 3882, 6929, 5866, 2409, 3564, 3070, 8074, 8035, 5128, 2112, 1927, 5422, 4193, 6012, 5602, 5168, 2115, 1986, 1687, 6981, 6348, 4558, 3058, 3503, 4910, 2871, 3277, 2727, 3839, 4300, 7052, 4152, 5745, 8815, 1812, 7022, 6917, 4939, 8030, 2451, 8711, 2512, 7864, 5476, 4837, 7289, 8304, 3945, 2870, 4338, 1735, 2770, 2753, 1803, 8167, 5061, 2321, 8322, 5874, 7344, 3342, 4119, 2700, 8790, 4051, 2320, 2788, 5487, 5368, 5290, 3306, 6194, 7111, 3047]
ESR1	4432.0	[1379, 5151, 4887, 3289, 4872, 7383, 5696, 2475, 3004, 6780, 5008, 2839, 4838, 4346, 5413, 3450, 6445, 3406, 4188, 2167, 2844, 6468, 5172, 4145, 7436, 6404, 5772, 3922, 2460, 6274, 6951, 2560, 4064, 4001, 4793, 3252, 3649, 6155, 4676, 6684, 4320, 6784, 5823, 5141, 4598, 3587, 4504, 2017, 4513, 1907, 3227, 5691, 4262, 6373, 4000, 4126, 3713, 3378, 4429, 5426, 4516, 6117, 5715, 6366, 2942, 3737, 6930, 2974, 8183, 3953, 1594, 5787, 6261, 4772, 6878, 3210, 3622, 4051, 4455, 5211, 3530, 3003, 7227, 6424, 2912, 5866, 4176, 2141, 2944, 4485, 4626, 3066, 4435, 2230, 3654, 4924, 3501, 3110, 3140, 5806]
TFF1	4513.0	[5201, 6793, 2017, 7868, 3575, 8337, 7591, 3304, 3059, 2164, 3543, 7105, 1165, 7222, 1659, 4569, 8508, 2222, 4286, 3866, 8739, 7849, 1188, 4568, 7261, 956, 3861, 6919, 7893, 387, 5735, 8498, 6433, 7857, 4740, 4028, 3221, 2389, 8294, 986, 2770, 8664, 8551, 545, 658, 3606, 8102, 1130, 4190, 5869, 1767, 8107, 4737, 2312, 2864, 6447, 7942, 5777, 4824, 1722, 7568, 1473, 4064, 4890, 1220, 5615, 7915, 4422, 4067, 1494, 6936, 4939, 4540, 2205, 2624, 1756, 7836, 3436, 6957, 4486, 5427, 8268, 8197, 9039, 3800, 8935, 718, 8630, 4286, 2768, 3909, 5563, 1744, 8632, 3349, 4917, 4104, 3590, 4424, 8017]
SVIL	4554.0	[3297, 5627, 1480, 5682, 4143, 2903, 1634, 4800, 7215, 6138, 3374, 8618, 5097, 3961, 2751, 4809, 928, 6678, 4687, 4118, 5561, 6127, 5784, 2084, 4430, 4835, 2416, 2935, 3064, 3352, 3931, 1789, 8529, 6725, 1745, 9115, 901, 4408, 5781, 5544, 7380, 6050, 6824, 1801, 6356, 2852, 6718, 1061, 3186, 5028, 5567, 3389, 2122, 2959, 6519, 6921, 2590, 899, 5285, 3769, 6207, 5161, 4996, 4110, 7522, 6954, 2443, 4220, 2873, 6382, 3952, 3473, 5024, 2802, 5537, 5148, 8025, 6074, 3990, 1815, 2813, 4981, 6585, 3343, 2131, 2823, 4508, 4600, 7851, 6632, 4226, 7743, 7110, 4453, 4201, 2340, 3852, 6909, 6411, 9026]
EVI5	4577.0	[2574, 2757, 6858, 6797, 6559, 8317, 4549, 2528, 4922, 2068, 492, 7180, 7928, 6208, 2446, 1471, 6917, 3750, 3393, 8072, 8591, 1018, 4370, 3072, 5115, 8227, 4605, 2269, 1683, 4137, 2210, 4891, 5831, 5544, 3487, 4421, 5819, 7554, 3005, 8845, 3041, 7947, 961, 8322, 567, 1346, 6994, 2829, 7819, 7244, 4443, 5107, 8660, 8260, 1068, 3120, 7046, 1477, 8506, 3709, 3021, 5563, 4480, 1076, 7898, 1176, 1654, 1646, 1415, 5881, 2454, 9240, 5108, 8432, 1425, 2660, 3988, 8858, 1537, 1198, 6654, 8671, 8485, 6649, 8438, 8690, 3933, 4793, 8184, 5711, 5383, 5892, 494, 957, 169, 5729, 9386, 2092, 4401, 1771]
KRT1	4579.5	[550, 866, 2819, 7941, 1969, 717, 6694, 3070, 8903, 4007, 3004, 4645, 6603, 853, 469, 8010, 6434, 8276, 1543, 4476, 7952, 2015, 1756, 4145, 4818, 7727, 8272, 8351, 1379, 3754, 7647, 5095, 1033, 1364, 3802, 2548, 7360, 8005, 7563, 8177, 1380, 8462, 1210, 6359, 2788, 7078, 575, 1265, 7049, 6843, 630, 2376, 1133, 2777, 7190, 7666, 6670, 7224, 8986, 6231, 4516, 2331, 8516, 8793, 1078, 4643, 5130, 2863, 1262, 2233, 3243, 6066, 7688, 9038, 7430, 3950, 8788, 2009, 1313, 7065, 2143, 2444, 6322, 8496, 3661, 3508, 935, 2282, 6145, 5496, 2921, 4737, 3360, 4031, 8224, 5506, 6043, 5615, 8488, 2057]
SFRP4	4594.0	[6240, 3301, 7769, 6258, 4777, 6563, 792, 6177, 2558, 3056, 6841, 2713, 7273, 5129, 6827, 2742, 1054, 1973, 4865, 4810, 4750, 2876, 556, 2341, 7961, 2794, 4259, 8958, 2729, 3592, 5458, 4287, 5278, 7651, 2736, 5407, 6040, 1437, 3383, 5096, 3306, 4473, 4103, 6839, 6238, 6706, 2429, 5120, 3241, 3953, 2975, 4588, 2083, 1680, 3860, 7442, 3484, 3060, 2981, 2844, 2669, 6142, 6048, 1630, 6297, 5803, 3744, 5456, 4445, 6735, 7752, 6977, 6557, 7933, 5380, 2674, 4973, 3663, 1686, 3222, 5517, 7628, 3179, 6159, 3782, 4600, 3946, 5622, 6749, 7239, 2311, 6811, 6507, 4587, 3413, 2684, 7450, 8522, 5335, 4386]
GSTT1	4601.0	[3298, 5278, 1334, 3206, 7616, 3561, 4501, 8545, 7653, 1660, 4395, 1604, 7154, 8241, 6185, 5126, 8209, 3303, 5780, 3644, 5847, 6808, 3540, 3589, 6125, 6393, 2587, 3165, 4479, 6424, 4611, 5373, 3811, 2529, 5147, 5725, 7385, 5987, 3225, 7501, 1465, 7131, 1226, 3645, 6532, 4591, 3946, 4808, 4117, 2648, 4712, 4399, 7534, 3254, 4021, 2375, 8112, 6139, 1636, 6041, 2755, 1490, 3020, 1579, 5987, 6140, 4708, 5167, 8596, 8232, 5755, 7041, 6304, 7042, 3175, 788, 3658, 6313, 5457, 989, 5068, 2764, 3791, 2408, 3976, 2075, 5754, 1261, 6040, 8247, 7347, 4508, 8234, 6616, 2240, 1755, 6938, 2217, 3168, 4548]
SIX1	4612.0	[2200, 8508, 1980, 8156, 7604, 7334, 7615, 6229, 8055, 4239, 7478, 3451, 7226, 4787, 6878, 2780, 6510, 6635, 4156, 7516, 7573, 5289, 3687, 2796, 2582, 6371, 4540, 5618, 5342, 6817, 8493, 2498, 2036, 1294, 7396, 1806, 4309, 1326, 1260, 7694, 3020, 4425, 1164, 1857, 523, 2930, 9114, 7620, 1375, 6283, 4684, 5188, 5582, 1644, 3766, 2301, 4154, 4851, 6905, 1584, 5162, 8633, 3537, 9716, 2864, 3966, 3532, 5760, 3845, 1523, 989, 1133, 1470, 8097, 8128, 4248, 2036, 6100, 6549, 4151, 6377, 7417, 6705, 2483, 1182, 7186, 3104, 7680, 1793, 5050, 4834, 7853, 2346, 5471, 3398, 3895, 4140, 2412, 6038, 6128]
VAPB	4644.5	[2031, 5464, 1243, 2731, 4048, 1772, 7697, 8440, 822, 6258, 1746, 690, 1281, 1990, 2176, 3048, 656, 5380, 5253, 4783, 4065, 2586, 2150, 4235, 4547, 6547, 6876, 4639, 7964, 7361, 1900, 1326, 4046, 1798, 6927, 7333, 1211, 643, 6824, 6709, 3604, 1597, 4406, 8422, 3407, 8683, 1884, 1405, 3721, 2136, 5985, 6236, 7478, 5116, 2330, 8213, 6232, 1028, 3968, 729, 9169, 2652, 4650, 2346, 2983, 5263, 7988, 6520, 6523, 8490, 7693, 6533, 4670, 3871, 6840, 7057, 7143, 8210, 732, 3689, 5959, 5133, 5445, 2763, 8725, 2765, 8216, 1766, 5593, 4675, 7424, 871, 2450, 7517, 5444, 2009, 6120, 7968, 2026, 7764]
SUPT6H	4648.5	[2296, 4172, 1490, 1914, 3556, 2812, 8729, 4420, 8636, 8722, 3570, 2915, 5562, 1412, 8002, 2842, 2787, 5014, 7894, 9010, 217, 1518, 1162, 5689, 3005, 686, 1127, 1725, 902, 4629, 5475, 1473, 3459, 6849, 8612, 1401, 8566, 2264, 4668, 2765, 492, 7614, 1347, 2155, 7442, 5629, 970, 2192, 2593, 8266, 899, 1263, 6831, 3583, 4734, 9507, 5752, 5273, 1489, 9222, 7155, 1116, 7593, 6286, 5730, 3318, 1740, 1517, 5331, 6328, 7088, 8288, 690, 8800, 1266, 4296, 6089, 9020, 7861, 6609, 745, 371, 1288, 9201, 7998, 1922, 9800, 8456, 2800, 7588, 7344, 6942, 5084, 8041, 5985, 6328, 8837, 1141, 6778, 1059]
HCRT	4664.5	[8826, 7468, 283, 7343, 5452, 9125, 319, 1495, 1914, 1061, 983, 9757, 708, 1132, 221, 9429, 3242, 9560, 367, 9251, 1960, 7401, 1196, 1205, 5349, 9649, 9608, 5963, 1633, 595, 2017, 9389, 9426, 4321, 325, 6031, 9487, 7216, 480, 9621, 8686, 8994, 9235, 9282, 9711, 5910, 9616, 250, 1377, 2503, 9574, 564, 8334, 8739, 1339, 9205, 8378, 2364, 9507, 6443, 2052, 631, 9682, 4058, 305, 8112, 1679, 3140, 8030, 6962, 8401, 1113, 2478, 6029, 4439, 3136, 4593, 710, 1676, 1084, 2813, 9446, 969, 8433, 2363, 9458, 7915, 1306, 4736, 272, 8799, 4908, 2834, 9169, 6752, 3353, 9224, 1013, 3389, 4253]
HLA-DPB1	4700.5	[4136, 2855, 3217, 7024, 3086, 5156, 2152, 6229, 6695, 3428, 6456, 1707, 6581, 3229, 4589, 5898, 5136, 8474, 8764, 1912, 8328, 1470, 3583, 7815, 5606, 3146, 4592, 4107, 5656, 2632, 5694, 5107, 1876, 5134, 2182, 5828, 7893, 8351, 5007, 7314, 3300, 3042, 2237, 6251, 5406, 3644, 5558, 5257, 3784, 4354, 4251, 5905, 3470, 6232, 3659, 4132, 8617, 2319, 2889, 7878, 2686, 6050, 2912, 2513, 4681, 2951, 7144, 5750, 4315, 6388, 1794, 3880, 4717, 4176, 8673, 5454, 6244, 4232, 3389, 5776, 4832, 4824, 4913, 2986, 4529, 6073, 2752, 2858, 5938, 7581, 6263, 4684, 4742, 5688, 3100, 3364, 7852, 4414, 4413, 5604]
HLA-G	4717.5	[4176, 4255, 7899, 4673, 4692, 4960, 3974, 7958, 4802, 5792, 3557, 8364, 5699, 6805, 6599, 5332, 5375, 5647, 2401, 1180, 3155, 6084, 5265, 791, 1748, 4481, 3470, 6622, 5369, 3700, 3085, 3577, 7062, 1692, 4743, 868, 2087, 3334, 3265, 2076, 6422, 3070, 6337, 1923, 4980, 1454, 2972, 6306, 2645, 3718, 6674, 5018, 2853, 6478, 1091, 5575, 5604, 4491, 4228, 4922, 2575, 3541, 6620, 3098, 6192, 4289, 4681, 5789, 4884, 2643, 5120, 6177, 6885, 7076, 3646, 8004, 6551, 2849, 926, 2137, 3537, 7112, 5470, 5596, 5287, 5807, 2272, 2963, 5984, 4966, 5971, 3761, 4133, 4542, 6016, 3102, 7773, 6475, 5493, 4375]
ICAM2	4726.0	[1275, 3683, 6563, 3163, 4508, 3443, 8810, 6095, 2404, 6716, 8153, 5075, 1601, 7571, 7772, 7516, 8796, 3277, 1929, 6714, 2862, 8768, 3170, 6646, 6422, 2565, 3922, 5499, 6284, 6967, 7825, 5922, 4746, 1872, 7176, 577, 7544, 3815, 1396, 5061, 7392, 5132, 3599, 3491, 1396, 4706, 5240, 3176, 3636, 2405, 3495, 3668, 5648, 5008, 5516, 7993, 6493, 4555, 4112, 7127, 5744, 4578, 6506, 1136, 7305, 3407, 6646, 3775, 6732, 4433, 5310, 5204, 6005, 5127, 6115, 3065, 2295, 5127, 3934, 2577, 4141, 4266, 5348, 7115, 3393, 7623, 1923, 2579, 2873, 6628, 4155, 4967, 3702, 6772, 1493, 1306, 3577, 4091, 4487, 6076]
CD37	4735.5	[4047, 2099, 6039, 4760, 8331, 817, 2747, 8438, 4141, 3269, 5947, 4859, 8875, 8938, 3353, 7616, 2169, 4842, 5984, 8303, 7221, 2213, 7519, 6573, 2564, 1046, 5895, 4280, 7027, 1562, 8577, 1446, 2300, 2067, 3476, 3094, 2885, 4648, 7550, 2345, 7000, 7768, 8367, 7084, 646, 7557, 5084, 7160, 6348, 3153, 3582, 5971, 5469, 3567, 2777, 5436, 3666, 7614, 9430, 5870, 6993, 1841, 2535, 4711, 6579, 7588, 2885, 8482, 717, 7348, 466, 1142, 2726, 3800, 2537, 9182, 3716, 6771, 5108, 7761, 5334, 3433, 7079, 3670, 6721, 1590, 1977, 5693, 2698, 2584, 9602, 1449, 7121, 1132, 1506, 7040, 8364, 4046, 4620, 1582]
GPR12	4755.5	[8233, 6273, 1005, 522, 1366, 9541, 9390, 1915, 6084, 4753, 1564, 9303, 7684, 9210, 8691, 8022, 3209, 7804, 201, 2487, 5324, 1065, 2373, 6261, 222, 6367, 1101, 297, 6915, 8580, 8573, 7533, 1263, 119, 954, 159, 594, 1092, 7362, 6599, 5969, 7777, 2846, 342, 8967, 3736, 9509, 1128, 9737, 1400, 519, 299, 2508, 5393, 359, 4069, 8514, 8890, 6822, 8176, 6220, 349, 1964, 5366, 706, 8771, 1573, 4251, 5308, 791, 1552, 2886, 9158, 9741, 772, 408, 5220, 8810, 9794, 3267, 9314, 8657, 741, 9230, 650, 8751, 9692, 180, 2000, 8719, 372, 2956, 1876, 3860, 7265, 4758, 8661, 878, 8689, 9519]
KRT19	4766.0	[4831, 3468, 5577, 6296, 2562, 3519, 7498, 4818, 3264, 5954, 5161, 6909, 7034, 3050, 7267, 4884, 7656, 4246, 3315, 8247, 3734, 3353, 2296, 4668, 6400, 4557, 4374, 5183, 5455, 6285, 4048, 3829, 5891, 5823, 2851, 3990, 3832, 4350, 5887, 4833, 1566, 7083, 8474, 6315, 4060, 5597, 5375, 2179, 7229, 2570, 8341, 4714, 5425, 5779, 1952, 5274, 5510, 3165, 5185, 4006, 3031, 4085, 2890, 5415, 3084, 3936, 2647, 5408, 5466, 4318, 4169, 2528, 2671, 4687, 5884, 6847, 6411, 4925, 2719, 2674, 6181, 3789, 4885, 1445, 7156, 3326, 3838, 6676, 5212, 3259, 3488, 5498, 8041, 2847, 4113, 3525, 5496, 6707, 7882, 2801]
PDZK1	4769.5	[9073, 3998, 1347, 7480, 5748, 6340, 4355, 7678, 6499, 2635, 5263, 4652, 5857, 6378, 7454, 3690, 6288, 4726, 4832, 5426, 3637, 3147, 6697, 3018, 3329, 4960, 5835, 1842, 6889, 6615, 2992, 5760, 4320, 8489, 5240, 7756, 3467, 5159, 5449, 8470, 6763, 2113, 1983, 849, 4243, 4563, 3705, 4722, 2745, 2119, 3348, 4690, 6510, 740, 4138, 5931, 5874, 4804, 4771, 1452, 4768, 5218, 5318, 1610, 4564, 3740, 4817, 6527, 7611, 1435, 4501, 1302, 3415, 6460, 3927, 6633, 7014, 4308, 2157, 8778, 5662, 6317, 4461, 2020, 8145, 2763, 5032, 8169, 2871, 3085, 4942, 2757, 8708, 3883, 7107, 762, 7066, 2236, 4095, 8080]
IDH3G	4873.5	[7082, 7999, 1094, 5034, 5071, 3799, 7695, 8447, 3333, 370, 637, 7603, 6447, 893, 4106, 6020, 6955, 9528, 3949, 6048, 6542, 2092, 8351, 1921, 8692, 4463, 7444, 6865, 2410, 3790, 1606, 6220, 4930, 8611, 7285, 4557, 5137, 4531, 2043, 4784, 5240, 8078, 6709, 7045, 6719, 3346, 3760, 7789, 8442, 2267, 4662, 2557, 2274, 2631, 3639, 6719, 6650, 8478, 4530, 6205, 2069, 3109, 2175, 2453, 3825, 4807, 1045, 2022, 6559, 9546, 8757, 8815, 4182, 575, 2916, 6596, 8966, 5401, 1203, 7246, 1545, 2410, 3001, 7514, 1531, 5381, 8537, 2996, 4343, 4844, 9384, 2513, 827, 6506, 5200, 8610, 5411, 4903, 1494, 2699]
ACOX2	4876.5	[2290, 1207, 2912, 2645, 8079, 3570, 5686, 6235, 4360, 4603, 3830, 3328, 4986, 1594, 4387, 5142, 6877, 4299, 6253, 6398, 7037, 9142, 8210, 3019, 5131, 1676, 8821, 4420, 7441, 4010, 2918, 2741, 4991, 6790, 2235, 2261, 4977, 3415, 4789, 2126, 5749, 5639, 7511, 5926, 2798, 4964, 6397, 6380, 6537, 7802, 8533, 4308, 4519, 6536, 3683, 6558, 6108, 7601, 9121, 3790, 3782, 3631, 8553, 3738, 5265, 5419, 7541, 7311, 3084, 3922, 6526, 4374, 8196, 3121, 2646, 6875, 2136, 5097, 5455, 749, 2986, 3200, 1656, 4700, 3914, 3598, 4658, 9131, 5650, 7748, 5840, 3176, 3521, 5408, 1989, 2185, 6429, 2398, 6899, 6439]
MX1	4904.0	[2500, 4405, 2722, 4292, 7368, 4550, 6118, 5349, 1617, 5805, 3118, 7230, 5606, 5761, 3064, 4914, 5173, 2871, 5514, 5720, 5885, 8262, 7957, 3406, 6046, 2330, 5040, 4560, 3780, 3576, 5476, 7975, 5383, 6091, 3350, 2007, 5919, 6856, 4520, 3855, 5215, 3449, 5524, 5414, 2473, 5207, 3654, 7968, 5364, 4818, 4894, 7141, 4321, 4862, 8406, 6611, 5960, 4840, 1732, 3627, 5906, 4980, 5844, 5796, 3313, 3844, 4749, 2909, 3539, 5653, 3773, 5148, 4837, 7895, 5582, 3669, 1836, 5822, 5190, 4847, 2668, 4158, 2930, 6552, 5491, 2016, 5284, 2330, 6103, 4094, 6636, 6488, 4125, 5964, 1310, 4114, 4477, 5740, 4449, 4131]
KCNMB3	4909.5	[8678, 2197, 870, 6668, 5068, 8326, 2297, 7865, 9024, 302, 1326, 717, 9025, 1417, 8486, 1776, 9138, 4751, 6703, 9633, 6522, 3772, 994, 8417, 1908, 2299, 7357, 468, 401, 3896, 5134, 8797, 3604, 5945, 8680, 7047, 496, 9561, 3903, 478, 7114, 9278, 335, 7330, 6076, 7961, 465, 7888, 4186, 399, 1032, 3355, 5345, 7646, 9136, 4093, 9141, 5827, 3572, 235, 1574, 409, 4012, 911, 7641, 7571, 8165, 9666, 243, 8531, 1687, 5145, 155, 1396, 6820, 95, 8013, 688, 2955, 815, 7974, 1216, 3020, 3813, 9122, 8093, 410, 1204, 9432, 8303, 2670, 6171, 7013, 7745, 834, 8606, 4674, 573, 9088, 9747]
GRIN2A	4914.0	[846, 4816, 5389, 9030, 6212, 1548, 2550, 2782, 7191, 1459, 1654, 1424, 7322, 2732, 8514, 520, 5680, 1307, 5438, 6848, 1256, 7284, 4275, 1474, 7482, 8936, 6365, 7772, 6858, 3423, 7789, 3792, 4369, 1691, 2581, 7384, 5438, 5213, 2015, 5012, 3579, 6348, 1182, 8001, 1476, 1225, 1614, 2896, 2294, 5367, 5580, 5366, 2852, 6842, 5648, 7863, 5153, 1472, 3122, 1742, 7066, 7814, 7606, 5145, 7346, 7576, 6434, 6204, 1873, 5499, 6241, 7838, 2066, 6370, 5709, 3007, 4797, 1469, 4365, 3475, 3546, 5679, 2741, 2781, 3285, 8285, 5839, 2350, 4807, 4697, 7288, 8710, 7627, 2621, 2135, 3214, 8088, 4337, 1602, 8587]
AMPD2	4925.0	[8614, 556, 4347, 7230, 1786, 8338, 8245, 8402, 7114, 2465, 4036, 6700, 9028, 1670, 6222, 1819, 3117, 1879, 2751, 2076, 9516, 7965, 1084, 5325, 7400, 7223, 6708, 7610, 1009, 822, 2501, 2492, 4251, 7466, 7024, 8464, 5421, 9555, 766, 3460, 7262, 8591, 857, 4178, 6072, 1969, 4624, 5404, 9254, 7587, 8270, 8856, 2699, 2993, 2459, 3201, 2867, 6158, 1967, 3002, 7717, 7819, 1906, 2447, 598, 8889, 6729, 7661, 5569, 2367, 2359, 2365, 6522, 1323, 896, 5535, 1227, 1271, 8812, 1112, 5551, 1512, 4974, 9090, 2460, 9186, 9397, 5031, 4876, 3292, 6897, 3280, 7314, 1790, 8856, 2920, 4581, 7896, 6065, 3060]
RAB11A	4946.5	[8536, 1367, 1485, 3070, 6581, 7084, 7607, 4969, 2484, 4334, 8051, 6734, 6944, 3100, 4060, 5102, 3007, 8152, 8132, 4515, 1065, 3373, 3848, 4368, 3194, 4764, 5239, 7565, 5691, 6721, 4475, 7787, 7181, 1999, 2901, 8779, 5172, 5506, 5167, 1433, 6383, 4524, 8825, 2454, 3712, 8659, 4330, 7012, 7168, 1704, 8409, 3188, 7558, 2257, 7455, 2301, 6385, 6499, 7262, 4686, 7223, 2763, 8017, 2010, 2863, 4924, 8295, 5910, 2125, 3716, 5681, 3483, 3379, 2993, 3655, 4032, 5846, 7948, 3158, 5305, 1392, 3194, 1360, 6174, 6179, 4109, 7552, 4457, 7669, 2350, 3704, 7761, 1765, 6721, 3067, 4984, 4005, 6466, 5211, 6312]
CALM2	4959.5	[4388, 4509, 4550, 6481, 7245, 4396, 3698, 4473, 2247, 3975, 4218, 6663, 4622, 4265, 4877, 4614, 5589, 6937, 4028, 6884, 4856, 2432, 4105, 3505, 5070, 4768, 6479, 6755, 7768, 4784, 5646, 5090, 4012, 4279, 5696, 6487, 4263, 4578, 7945, 5607, 4672, 7326, 4438, 5879, 6385, 2830, 4521, 6195, 5643, 6423, 4257, 7219, 5386, 4826, 5042, 5085, 4808, 3666, 4565, 3490, 6469, 4334, 5162, 2660, 3206, 6825, 5158, 7813, 6101, 4754, 7249, 3165, 5758, 3812, 4510, 3081, 4797, 5127, 6266, 4513, 5473, 6613, 5411, 7658, 2699, 3077, 4366, 6045, 5773, 5216, 6831, 6944, 3976, 6385, 4243, 2998, 5685, 7826, 7096, 5818]
NPY1R	4964.0	[6015, 2289, 1855, 5574, 6712, 2400, 7291, 6822, 6111, 7342, 8396, 3156, 1970, 7186, 7194, 1240, 7766, 6261, 4808, 6834, 8036, 4768, 7302, 8230, 809, 7134, 7588, 4722, 1340, 1269, 6944, 8795, 3800, 1298, 1698, 4846, 2426, 2741, 6486, 6165, 5016, 4876, 6553, 4589, 8395, 4777, 6349, 7298, 4926, 2678, 4597, 6134, 4098, 2488, 5002, 8416, 6197, 3861, 1780, 5872, 5765, 2898, 3181, 8221, 4021, 6631, 3122, 7754, 1580, 3492, 7851, 1868, 1400, 1654, 3451, 4142, 7309, 5833, 4056, 8855, 6127, 4617, 7128, 2798, 6786, 981, 8978, 5799, 4866, 6565, 1455, 8798, 7499, 3506, 2584, 3968, 7152, 2540, 4875, 7911]
DAZ4	5004.0	[42, 2469, 448, 148, 7800, 6496, 1703, 6934, 647, 9857, 5776, 19, 8682, 3168, 205, 8855, 33, 168, 71, 177, 9482, 90, 9867, 9361, 9724, 1960, 8444, 8789, 68, 7721, 11, 3407, 9793, 1051, 9859, 8509, 863, 9490, 75, 117, 9413, 7747, 8320, 235, 60, 9778, 7218, 161, 247, 9726, 2673, 15, 8759, 159, 6766, 9783, 4573, 338, 4495, 9719, 8758, 9865, 9547, 9801, 707, 114, 38, 9816, 81, 9690, 9407, 9833, 1994, 48, 216, 2744, 765, 9431, 138, 9863, 303, 9818, 105, 2941, 346, 9724, 9545, 9783, 50, 9321, 9796, 9801, 332, 9871, 7609, 5435, 8469, 9533, 217, 2141]
PSG9	5009.5	[1739, 7903, 1378, 5501, 3350, 3076, 1624, 9577, 5810, 8832, 1210, 5711, 336, 1175, 3614, 2123, 4592, 1105, 1244, 2922, 4782, 1569, 7468, 4842, 8548, 6790, 7859, 9232, 8789, 3412, 2666, 3625, 6062, 5367, 7417, 5177, 5438, 5521, 3092, 5716, 3506, 8058, 9213, 2284, 3083, 627, 9056, 3604, 7973, 5234, 1357, 1630, 6993, 7075, 7293, 2637, 847, 9126, 8298, 3702, 1374, 9491, 4135, 5526, 8167, 6408, 1562, 1279, 256, 2668, 2676, 4101, 9349, 7126, 7174, 6849, 2855, 1091, 7631, 2168, 8709, 7078, 2068, 5899, 6336, 7475, 8456, 2773, 6749, 3218, 8817, 1416, 7036, 2765, 9405, 3781, 1618, 2411, 6316, 5716]
SST	5110.0	[5934, 2154, 7013, 6026, 3145, 7689, 2510, 9443, 8889, 8065, 7614, 2299, 6983, 2639, 8532, 1684, 5681, 3151, 1147, 2298, 6795, 3364, 8686, 3113, 4970, 8135, 9024, 8240, 4311, 6896, 2094, 4567, 7415, 4934, 4446, 2527, 2027, 4432, 7398, 2434, 3803, 2296, 2438, 1176, 7485, 7210, 2062, 8041, 2587, 6719, 3683, 4013, 4441, 1553, 4712, 8280, 1693, 6714, 8136, 6593, 5554, 4028, 2892, 5250, 3481, 8014, 4255, 3754, 7850, 2417, 3458, 7472, 5943, 3651, 6237, 7370, 2902, 7123, 6676, 3916, 4250, 7356, 1703, 7361, 1604, 4429, 6974, 5807, 9515, 7796, 3510, 7061, 6357, 5477, 1294, 7678, 2452, 8663, 7451, 8422]
C4A	5149.0	[8841, 2327, 1289, 7646, 9095, 8411, 1926, 5614, 4782, 8893, 8246, 8744, 8602, 2285, 8901, 8933, 9018, 3875, 5679, 3715, 1930, 8327, 1160, 7371, 6512, 7170, 3528, 2279, 4898, 5017, 3500, 8412, 1612, 1833, 8914, 3426, 5185, 906, 3184, 4210, 8561, 4449, 8188, 7858, 5937, 7585, 6904, 3083, 2869, 4102, 7166, 5981, 8343, 4333, 8643, 6870, 6579, 2121, 1620, 3871, 2365, 7626, 5527, 3469, 3864, 4061, 2253, 8207, 8309, 7229, 5113, 3191, 1877, 6872, 6536, 6621, 1456, 2570, 3376, 4321, 3654, 7428, 7733, 2281, 3072, 862, 8825, 9420, 2612, 4015, 3583, 9176, 5625, 6301, 3278, 6875, 2311, 1643, 5281, 7655]
RBP1	5150.5	[2093, 5637, 3510, 7609, 6699, 5712, 8243, 7843, 7365, 2806, 2496, 6834, 2920, 3664, 3726, 4139, 6884, 5220, 7518, 3217, 6231, 4748, 2124, 5858, 2712, 6494, 4637, 5521, 2046, 3729, 5126, 4779, 6149, 2780, 4642, 6556, 2035, 4762, 2867, 3484, 6683, 6600, 6324, 6080, 2567, 5922, 3057, 6466, 3545, 6623, 6967, 5071, 5164, 3351, 4913, 3608, 2721, 6763, 2780, 7682, 4941, 3136, 5579, 5932, 4357, 6700, 4916, 5764, 3980, 7061, 7087, 4782, 5574, 3233, 5137, 5241, 3419, 4700, 2111, 5805, 5670, 6899, 6928, 3514, 5750, 5216, 6781, 2910, 4807, 7470, 6507, 6046, 6815, 3026, 7037, 6131, 4875, 3470, 5412, 3650]
UGT2B11	5167.5	[7671, 8483, 6048, 8662, 4691, 6509, 6182, 2549, 7624, 7730, 7337, 8690, 7799, 8515, 2155, 5172, 647, 7382, 1188, 1519, 6080, 8805, 9106, 9424, 4539, 4961, 7647, 3138, 6311, 7656, 6294, 3109, 4711, 7308, 2386, 9380, 1639, 6686, 6654, 2049, 1538, 3491, 2973, 4840, 5037, 7298, 6243, 6533, 6370, 8736, 6257, 3648, 2292, 5163, 4937, 6384, 2150, 2842, 5363, 5046, 2140, 9173, 2984, 5144, 3841, 6480, 2608, 8108, 5161, 3132, 7506, 2762, 7445, 7658, 2106, 1227, 687, 1723, 8642, 1565, 1907, 9428, 5694, 3947, 8996, 1944, 9202, 8286, 4064, 9231, 4016, 7877, 2680, 7281, 3707, 5779, 4203, 1872, 769, 4321]
MYB	5232.0	[3670, 1468, 4773, 4817, 7078, 4187, 6804, 7679, 6328, 4792, 7705, 5318, 6992, 8019, 3939, 5594, 7096, 2952, 4980, 5188, 7110, 4841, 3083, 4788, 2883, 2445, 3866, 3708, 4322, 2968, 4957, 4791, 5805, 5958, 7688, 4032, 5388, 7141, 4710, 6999, 4569, 4931, 6337, 4047, 5931, 5497, 6482, 3683, 5409, 4686, 6091, 4215, 6108, 5360, 6125, 7540, 3111, 5608, 4320, 5438, 5224, 6974, 4689, 5766, 5445, 8442, 2841, 3730, 7043, 6477, 5047, 3157, 6939, 3834, 4438, 7524, 3678, 5812, 5267, 6283, 5624, 5240, 3496, 5222, 3740, 6161, 3597, 5242, 5169, 5703, 6336, 3393, 6303, 4350, 4163, 4656, 7616, 5787, 5725, 1679]
TFF3	5249.0	[7849, 4793, 6812, 3853, 4785, 5826, 8336, 5362, 8583, 3785, 8978, 2827, 3610, 4939, 7171, 5673, 6002, 4107, 7021, 4498, 8288, 5261, 5566, 5077, 3704, 4951, 3527, 4397, 4661, 5380, 6655, 4107, 6100, 5812, 7111, 1979, 5558, 7320, 1603, 4177, 5724, 5352, 3526, 6813, 5406, 3786, 4724, 3727, 5821, 7164, 3360, 4124, 7847, 5785, 5772, 5630, 4031, 5191, 4012, 2846, 4966, 4464, 4533, 5650, 1371, 5093, 5098, 8196, 5608, 7797, 4361, 8531, 8593, 6227, 6019, 2821, 6380, 4921, 3458, 4394, 3320, 6863, 3581, 2253, 4236, 4712, 5152, 6458, 5260, 6194, 4832, 2899, 6784, 5238, 5621, 7501, 4258, 5422, 6203, 7108]
PRAME	5297.5	[7138, 6817, 3730, 4487, 4929, 2175, 5759, 2284, 3273, 8363, 7791, 6960, 6916, 2195, 3943, 7398, 7281, 4592, 4997, 4438, 8279, 7509, 6743, 4089, 5573, 3177, 1322, 3807, 2558, 8911, 2227, 9140, 4116, 6142, 6888, 2896, 7401, 1899, 2685, 7644, 4695, 1132, 8334, 3542, 8996, 4330, 3592, 7206, 984, 7920, 4003, 5189, 3528, 9051, 7090, 8862, 1863, 2434, 6487, 5742, 5401, 8500, 5483, 3397, 5866, 7874, 5963, 5021, 7837, 7657, 6896, 7457, 840, 6769, 7911, 4167, 5669, 8688, 6473, 2875, 7039, 968, 5194, 5764, 1777, 7823, 5082, 4994, 3175, 1390, 6058, 7903, 4139, 3271, 3875, 1806, 4053, 5789, 4434, 6360]
GLP2R	5312.0	[7978, 781, 7092, 9768, 4727, 503, 6508, 773, 1823, 5453, 9725, 7149, 4596, 228, 937, 8053, 9282, 8605, 8994, 5476, 9646, 4701, 5695, 8815, 2774, 487, 1070, 2285, 9648, 2011, 8992, 9257, 111, 3544, 4442, 101, 9301, 5317, 8037, 7164, 8657, 1450, 9796, 8933, 9428, 9142, 7865, 302, 8935, 8067, 6176, 1605, 9825, 9283, 614, 8285, 788, 4756, 4418, 177, 6220, 54, 728, 2586, 393, 9613, 7500, 2331, 9540, 9536, 6725, 3761, 2353, 1838, 5460, 4939, 417, 9831, 5173, 6056, 625, 9104, 6933, 567, 4033, 8509, 9310, 1867, 1308, 1246, 3282, 919, 8883, 445, 8639, 9790, 2768, 4454, 1690, 5307]
MAFG	5323.0	[5861, 5209, 2824, 6118, 5093, 4102, 530, 6842, 6310, 7287, 8499, 2982, 1564, 1401, 1764, 8262, 3542, 2099, 1336, 1456, 6533, 7178, 4348, 3985, 5568, 8481, 5448, 7799, 3195, 8852, 9140, 5362, 1288, 6975, 2615, 4900, 9189, 5883, 7515, 8973, 2400, 3333, 5716, 1661, 5517, 8059, 8320, 2957, 4247, 9067, 6404, 9055, 7493, 5284, 6856, 8034, 6765, 4981, 8240, 2662, 1073, 7210, 1629, 1907, 8847, 2944, 4978, 2037, 4466, 4698, 5636, 8946, 7822, 3697, 2495, 3752, 8613, 7832, 8422, 1767, 2592, 2705, 3784, 6635, 1965, 1942, 6707, 7175, 3754, 8126, 6691, 9238, 3112, 3939, 5745, 6439, 1588, 7704, 1995, 1226]
S100A8	5341.5	[4831, 3368, 3013, 4469, 5731, 4776, 6256, 5678, 5317, 4475, 2543, 5976, 2953, 5109, 6399, 5330, 5957, 3881, 5499, 7427, 4296, 5617, 6666, 3480, 5876, 5993, 4370, 3274, 5905, 6578, 3084, 5591, 3158, 7263, 6244, 4900, 4862, 8170, 7926, 7022, 6941, 8059, 7624, 6201, 3943, 3407, 6305, 6251, 6352, 5505, 5490, 7039, 4225, 2724, 5561, 5215, 3627, 4003, 7940, 5283, 6596, 6549, 5353, 2002, 7257, 5759, 2483, 6112, 3408, 8313, 4684, 5480, 3067, 4511, 4187, 6797, 5119, 1867, 6169, 4987, 4376, 7141, 5391, 2265, 2762, 6650, 4698, 5314, 6133, 3536, 6088, 4638, 8196, 3637, 5949, 5084, 4315, 2850, 5939, 5030]
OR2S2	5354.5	[9530, 6398, 2588, 2602, 461, 3413, 9602, 5065, 4064, 7184, 9649, 6386, 8115, 9549, 7876, 2460, 563, 746, 3783, 5435, 3127, 1231, 2042, 2134, 9454, 8788, 1711, 1050, 1832, 9373, 7747, 9594, 9448, 7680, 3865, 3898, 5274, 1563, 6125, 565, 5930, 9294, 9621, 3444, 795, 9768, 2979, 9769, 9308, 1970, 1948, 5550, 8656, 823, 8350, 2540, 4400, 771, 234, 8576, 5751, 4767, 4923, 8501, 6052, 9516, 7510, 9704, 1764, 4076, 5063, 4472, 7949, 633, 7504, 9397, 7912, 4968, 7095, 949, 620, 9292, 6680, 9071, 8883, 733, 8315, 8316, 7344, 8308, 2357, 2388, 1077, 7528, 3147, 8808, 1589, 959, 1402, 9284]
LCP1	5367.5	[6421, 7130, 7729, 2079, 2805, 5196, 5348, 2687, 2488, 7331, 3225, 8681, 5177, 7837, 6066, 4080, 3739, 4878, 6423, 3580, 6682, 8701, 5015, 909, 4971, 3539, 3797, 2001, 2870, 3070, 2725, 3480, 5476, 7156, 8376, 3615, 2601, 8269, 5387, 5549, 8447, 3754, 8155, 7534, 1745, 5517, 6667, 3134, 3647, 3534, 6809, 7665, 4980, 3356, 5930, 3509, 6356, 8128, 5741, 3806, 6282, 6027, 7518, 1816, 8654, 8548, 7919, 7835, 4832, 3639, 4496, 4815, 1949, 5926, 5173, 8501, 6201, 4997, 6095, 5928, 8436, 1702, 5251, 2064, 2108, 6975, 7153, 6889, 3155, 5875, 6709, 8569, 7141, 5687, 5979, 5264, 1176, 1760, 3297, 7631]
ISG15	5372.0	[3842, 6157, 4762, 4021, 4101, 4500, 2351, 3669, 4117, 2646, 3391, 5891, 5667, 5312, 6363, 4880, 5112, 5820, 3054, 4679, 2196, 7007, 4715, 5636, 5394, 5618, 6259, 4578, 5231, 2923, 5668, 5384, 6717, 6799, 4744, 5515, 5440, 4552, 4765, 6469, 7044, 5102, 5579, 5201, 5236, 8027, 5788, 3567, 4848, 7100, 6525, 3179, 3007, 5062, 6419, 5166, 5360, 7630, 5828, 5713, 8003, 7829, 4457, 7815, 4487, 7327, 6187, 5514, 4591, 6669, 3806, 4424, 5640, 5410, 5208, 3450, 6476, 5076, 6430, 4821, 7630, 4660, 5549, 7439, 5260, 7105, 7288, 3060, 6064, 5424, 2885, 5650, 5167, 3789, 4843, 5447, 6339, 6168, 5342, 5391]
IFNA4	5373.0	[4055, 1781, 7805, 2869, 7366, 4282, 6460, 1260, 2575, 6895, 5573, 4391, 5587, 7751, 7072, 8122, 1848, 426, 5378, 3496, 4253, 4682, 3473, 2916, 3555, 3473, 2212, 2701, 2448, 6373, 1040, 3551, 6361, 2593, 2481, 5643, 4731, 6642, 6880, 5876, 6065, 5452, 7806, 3160, 638, 4141, 2917, 6319, 1025, 3853, 8248, 8568, 1947, 7963, 7703, 7628, 7997, 8070, 2246, 962, 3148, 3004, 2239, 7530, 1773, 886, 4458, 6918, 5489, 6356, 7280, 2207, 7458, 5368, 5818, 3409, 6012, 5860, 5821, 5582, 5816, 3710, 2613, 5688, 6136, 2828, 4337, 1775, 7465, 7054, 8371, 7966, 8224, 7478, 3905, 7532, 2650, 8207, 6431, 4414]
MYO5B	5373.0	[7385, 1442, 8954, 6255, 4866, 9419, 8048, 9534, 9410, 315, 1985, 6599, 1511, 3192, 9317, 9699, 9679, 903, 2778, 1038, 1791, 3142, 6845, 9452, 9410, 9536, 5009, 2344, 1461, 266, 9706, 5183, 1011, 9707, 8453, 5163, 437, 8877, 3551, 444, 3199, 4490, 264, 9233, 8360, 2039, 2412, 5204, 2574, 2039, 5942, 9401, 1826, 1889, 4810, 1958, 1216, 8327, 2577, 6598, 2080, 9394, 1279, 7475, 3239, 8939, 5542, 502, 4754, 5758, 9398, 6904, 4643, 3171, 7746, 8422, 6918, 7760, 1200, 7973, 7906, 3346, 666, 8849, 8745, 8206, 1075, 6834, 7687, 1793, 1448, 9735, 8132, 7808, 9648, 4086, 6991, 8099, 2288, 8055]
NTF3	5373.5	[7523, 4684, 8083, 283, 853, 8915, 7347, 7958, 8274, 1702, 9002, 2312, 7888, 2732, 617, 7677, 3986, 2764, 1803, 8896, 1391, 2611, 5988, 5499, 2772, 1210, 999, 2813, 8125, 1617, 5416, 3882, 4124, 7371, 7468, 3129, 8184, 2948, 6541, 5787, 2785, 2519, 8261, 7254, 4766, 6892, 6030, 9011, 6794, 8710, 8304, 3139, 7991, 3626, 2036, 2908, 5627, 7465, 1052, 4379, 6229, 6960, 5192, 3595, 5829, 4890, 8377, 2761, 6481, 5453, 6907, 8073, 6947, 2058, 7568, 1344, 8276, 7653, 1620, 5331, 8914, 4033, 6959, 5268, 8572, 6458, 409, 5643, 5103, 959, 3878, 1519, 2362, 3612, 5896, 8713, 6650, 2444, 3696, 4077]
CTAG2	5395.0	[547, 7272, 789, 1852, 5989, 586, 8912, 292, 8644, 8657, 4911, 9367, 9298, 8063, 8061, 2632, 2828, 322, 9386, 3151, 4235, 675, 155, 7228, 8326, 9258, 9422, 5425, 6760, 4868, 2197, 1243, 4666, 7438, 7756, 9181, 2886, 8823, 9595, 9538, 4962, 669, 5701, 6803, 4812, 1615, 1481, 5365, 1010, 376, 7598, 7614, 9151, 1327, 9112, 2622, 405, 8700, 5563, 4904, 808, 8534, 391, 8639, 9472, 6595, 1067, 1135, 1131, 235, 9455, 9686, 4342, 9625, 8872, 664, 1808, 6136, 9321, 714, 8588, 899, 9350, 7527, 7905, 6500, 3018, 8271, 3304, 967, 9643, 8778, 7278, 277, 345, 178, 2686, 283, 914, 7849]
MAP4K1	5404.5	[6044, 3777, 6680, 8104, 6960, 5120, 4272, 2226, 2547, 7005, 6556, 7166, 5083, 6648, 1690, 6912, 1695, 2250, 8687, 5315, 1109, 7229, 2278, 7616, 1321, 7660, 6273, 7949, 6673, 6004, 3377, 3326, 1838, 2813, 6435, 6180, 6345, 6812, 1615, 2624, 5538, 4658, 5970, 5769, 1927, 7662, 6358, 3712, 1854, 6937, 6332, 7667, 6857, 6975, 8251, 6778, 7851, 8754, 4365, 6627, 4063, 1534, 3073, 8122, 3025, 3052, 8533, 6176, 3390, 4460, 2128, 7623, 3846, 3269, 4487, 4431, 3958, 3547, 4296, 1327, 6413, 3514, 4445, 6608, 6943, 6291, 4777, 6474, 6763, 4996, 5299, 5494, 3925, 3140, 3713, 6317, 1601, 7314, 1140, 5923]
BCL7B	5418.5	[9008, 5508, 8563, 3613, 3597, 547, 445, 9128, 2390, 6159, 8489, 3752, 8863, 2265, 3800, 7911, 8212, 4690, 8894, 7543, 280, 1721, 1433, 2694, 913, 9407, 5469, 1963, 6969, 3706, 8996, 5368, 5005, 6040, 3673, 6339, 4990, 1227, 8093, 2299, 2484, 8605, 7309, 4912, 367, 9441, 7720, 8118, 2910, 7173, 2717, 1938, 2269, 5741, 835, 8264, 4344, 6082, 8235, 4202, 8353, 4224, 700, 7755, 4787, 7312, 7832, 1048, 8449, 5343, 5231, 7874, 8422, 737, 840, 3734, 4399, 5363, 2071, 1362, 8855, 6754, 9369, 7289, 4240, 4631, 7936, 853, 3161, 8669, 7273, 8624, 9177, 7657, 8097, 1248, 6672, 6476, 7978, 6517]
SMARCB1	5436.0	[8360, 8626, 8815, 1229, 3306, 6108, 8401, 7194, 8372, 2203, 8737, 2034, 8575, 2255, 9283, 2129, 4690, 6584, 3136, 9496, 8857, 2196, 4838, 9051, 4880, 197, 3057, 2168, 7454, 5493, 4701, 1034, 5379, 3536, 2211, 666, 9306, 8261, 2685, 6850, 6931, 3899, 6285, 2937, 8625, 6657, 6475, 4974, 7873, 9680, 9338, 8862, 602, 1237, 9601, 8941, 8095, 2571, 1031, 3471, 6986, 5765, 925, 8724, 1785, 2114, 1360, 9135, 8303, 5572, 1571, 1686, 8420, 8830, 2412, 8229, 2399, 8380, 8902, 2981, 2239, 5216, 3849, 8024, 4839, 7870, 8914, 1967, 7641, 1843, 8957, 7142, 8841, 9037, 2980, 4142, 2862, 431, 1521, 2611]
IFI27	5436.5	[6346, 3642, 6304, 5986, 5618, 5582, 6591, 6283, 5009, 7430, 6638, 5238, 5653, 6016, 6800, 2923, 6327, 2600, 5364, 4399, 7807, 7810, 5618, 6162, 3107, 4974, 5903, 6933, 2318, 3009, 6160, 6436, 4786, 6293, 4895, 8298, 4525, 8129, 6618, 8108, 3163, 3658, 4059, 5978, 3690, 7778, 5681, 6255, 3926, 6705, 3246, 3776, 7197, 3932, 3984, 6507, 2986, 2217, 4997, 4751, 3758, 2023, 5577, 5449, 5233, 3625, 4613, 4645, 3898, 3345, 5232, 8694, 1816, 6174, 5868, 6997, 6486, 2585, 5716, 7119, 5424, 6350, 4971, 5397, 6959, 1832, 3055, 4698, 7755, 3523, 6974, 3224, 5184, 5940, 6868, 3583, 5151, 6253, 7193, 4918]
P2RY4	5474.0	[8890, 1213, 8838, 127, 6914, 6426, 7450, 4787, 8697, 1061, 915, 1248, 3839, 9510, 6107, 537, 8737, 8214, 406, 2783, 8921, 294, 4435, 7926, 6399, 572, 9163, 9597, 8457, 673, 103, 5435, 7243, 6281, 531, 8027, 6791, 2940, 446, 809, 8873, 5928, 9415, 8284, 399, 9028, 8240, 951, 258, 7189, 2376, 6533, 96, 1728, 8963, 4519, 7078, 8806, 1428, 1313, 8547, 7211, 6418, 3240, 1944, 710, 7490, 7532, 6376, 462, 178, 865, 6299, 9271, 5103, 7587, 267, 7448, 4229, 1755, 5513, 3718, 8985, 8753, 1248, 8771, 1119, 9584, 4371, 962, 695, 934, 3327, 9604, 3231, 9576, 1304, 6775, 5807, 254]
S100P	5482.0	[6479, 7135, 6415, 4823, 6968, 6781, 4393, 3035, 7079, 4184, 3848, 8457, 5191, 2582, 7282, 7913, 2544, 7687, 6609, 6512, 4671, 3344, 5146, 7562, 7119, 5496, 6656, 4832, 4059, 6189, 3719, 5396, 3091, 2131, 6529, 2568, 4131, 7748, 6515, 4653, 8163, 5290, 6607, 7119, 5094, 3146, 6186, 4226, 8905, 2863, 7609, 5413, 6445, 3741, 5928, 7194, 6959, 2947, 2787, 5067, 3464, 6240, 6281, 6354, 4905, 4512, 6453, 6558, 7259, 8136, 4780, 3405, 3557, 7641, 6402, 4718, 5714, 5468, 3545, 5153, 6352, 3266, 7719, 5089, 7237, 3247, 7906, 4618, 8187, 7534, 2421, 3542, 5357, 4688, 7435, 4788, 5669, 5918, 6165, 3708]
ERBB2	5494.5	[2059, 1945, 6455, 7837, 3452, 2142, 4615, 4393, 7846, 4424, 5237, 4167, 5970, 6754, 6712, 6377, 6204, 4251, 5243, 4793, 2695, 6198, 3919, 6337, 4878, 5560, 5429, 6697, 4512, 8002, 3062, 4622, 5285, 7143, 7402, 4269, 7891, 8504, 5316, 7130, 2304, 5072, 4922, 6935, 7005, 7423, 3191, 6966, 7759, 7769, 7292, 3373, 5119, 5697, 5088, 7337, 8667, 3610, 5139, 7657, 6377, 7389, 4349, 6591, 3583, 5147, 6338, 6107, 4104, 8115, 4093, 5353, 7712, 7245, 6320, 4106, 4136, 4560, 7408, 5221, 4858, 7745, 2411, 1990, 7959, 8336, 5120, 7513, 6638, 7300, 5976, 6267, 8513, 3522, 3985, 6574, 5741, 2804, 4122, 4428]
KCNAB1	5503.5	[4391, 8814, 4771, 1757, 3608, 8134, 2232, 5830, 6331, 8146, 9189, 7634, 5870, 3882, 1530, 6135, 4720, 8236, 4756, 8022, 5263, 8575, 1565, 6571, 7898, 6960, 5584, 6098, 8632, 1144, 5340, 4276, 8062, 7817, 8516, 8804, 7875, 5298, 8996, 7430, 8753, 6652, 2230, 4200, 5883, 6105, 8328, 906, 5122, 6587, 4873, 7512, 9053, 4120, 4424, 4352, 2597, 5127, 2076, 5153, 1774, 6727, 7770, 3091, 4565, 916, 3226, 5287, 7483, 2429, 5675, 2535, 8959, 3067, 7737, 7869, 8043, 5508, 3405, 6554, 868, 1666, 3789, 7721, 5735, 2778, 4347, 6758, 1690, 8479, 2410, 9032, 8264, 5718, 4539, 2195, 5499, 5055, 3144, 2723]
IFNA14	5585.0	[7851, 8152, 372, 9478, 4143, 7196, 7829, 9117, 6163, 5735, 3333, 6202, 3039, 5835, 8544, 6885, 5160, 2899, 3821, 4485, 6960, 4207, 4008, 2451, 4751, 6265, 6793, 5072, 6340, 6204, 2472, 9512, 2783, 2704, 4835, 1415, 9530, 6895, 3992, 6752, 7450, 8105, 1385, 7274, 6611, 2663, 4874, 2960, 5856, 3612, 4650, 6996, 1828, 7948, 7600, 6710, 4365, 1051, 4694, 2637, 8021, 9556, 747, 4112, 3820, 9198, 3326, 9201, 8802, 7197, 5660, 2912, 2876, 7377, 7963, 7286, 542, 8256, 7998, 770, 4406, 4716, 5510, 3339, 9168, 5771, 3929, 5733, 7011, 5273, 1965, 2774, 8574, 1996, 6431, 6261, 1774, 2078, 4471, 8587]
TAT	5592.0	[8707, 9127, 5377, 7220, 4745, 5461, 2094, 3249, 2177, 7410, 4572, 4348, 2871, 1537, 6609, 7566, 6380, 1933, 5566, 8192, 2602, 6545, 5955, 8220, 4990, 3581, 5953, 4156, 2916, 3073, 6427, 1668, 6981, 2344, 3012, 4325, 8388, 2646, 6930, 6130, 3014, 8362, 3837, 5380, 5618, 3131, 6576, 7375, 7476, 5233, 4686, 4460, 1512, 7795, 8472, 6408, 7486, 6383, 1722, 7988, 8018, 7458, 6442, 5179, 4649, 2857, 8713, 3921, 8455, 1510, 4121, 7118, 3011, 8119, 8417, 7401, 8805, 8751, 8477, 2290, 7568, 5433, 4067, 1901, 6777, 2075, 9112, 7416, 6581, 5731, 7074, 5106, 7299, 3214, 751, 9257, 3408, 2232, 7551, 2605]
REC8	5596.0	[5981, 6238, 6962, 526, 1405, 574, 599, 6917, 7274, 7254, 3987, 7377, 2584, 7528, 3097, 3387, 8084, 7939, 7365, 7478, 3764, 5087, 2641, 8713, 4707, 8480, 6716, 7056, 7388, 6362, 3352, 6482, 4840, 4405, 9164, 8892, 6509, 8703, 6039, 8711, 6465, 2619, 3312, 4583, 5744, 2783, 4375, 5937, 6109, 5697, 6307, 749, 1761, 4150, 2296, 3515, 6266, 5223, 5230, 5454, 3376, 9292, 5455, 9023, 9260, 7991, 1441, 4704, 4541, 2633, 7536, 3059, 7073, 4137, 8125, 3845, 5776, 1863, 6002, 8483, 4911, 9490, 3222, 3268, 7485, 3049, 3219, 5495, 4068, 3000, 4879, 9332, 1398, 7638, 8718, 5339, 7458, 7154, 8687, 2765]
GRP	5611.0	[3611, 3983, 1491, 6677, 6493, 8692, 8039, 6343, 3355, 7977, 9197, 2769, 5783, 8056, 4903, 7239, 1432, 6696, 7768, 4436, 9661, 2451, 6124, 9303, 9504, 8197, 4734, 6404, 4230, 7376, 1268, 1786, 5882, 2866, 3778, 9076, 2633, 9502, 9056, 9334, 1816, 8187, 5037, 2702, 2857, 7664, 2846, 4658, 5917, 8845, 9115, 1681, 6097, 1329, 2709, 3750, 1865, 1816, 4795, 4243, 9181, 5210, 8759, 4285, 2654, 6018, 7804, 8741, 4954, 6089, 7748, 1522, 7935, 6047, 8176, 9141, 1259, 4190, 8251, 6275, 4536, 1180, 8057, 9076, 7964, 3344, 5959, 3069, 7695, 4168, 9017, 676, 6583, 1715, 3022, 1719, 2226, 3276, 4853, 5439]
S100A9	5613.5	[5428, 3764, 3048, 5034, 7596, 7768, 4720, 2219, 6574, 5575, 2151, 7716, 6887, 4126, 4315, 6385, 8386, 4584, 6209, 6455, 7642, 3321, 3873, 8245, 7284, 6218, 5911, 2207, 4833, 5461, 8129, 6399, 6005, 3594, 6354, 8285, 7458, 4839, 6084, 8105, 3840, 3748, 4433, 8203, 4190, 5318, 5604, 3140, 8442, 4643, 4201, 7985, 7944, 8002, 5265, 7222, 4749, 5572, 7404, 5775, 4932, 4191, 5654, 5988, 6357, 6423, 1921, 5666, 3487, 7208, 3832, 6049, 3461, 2585, 3589, 4858, 4063, 6390, 5998, 8366, 2422, 6262, 8259, 5831, 5623, 4005, 2970, 7484, 4550, 7177, 4242, 6642, 1907, 5162, 5801, 6391, 3684, 6481, 2972, 3446]
NAT1	5625.5	[5095, 3534, 8553, 5570, 2746, 5593, 8310, 7429, 8858, 7598, 1962, 8737, 925, 7570, 6357, 8361, 6261, 5622, 7373, 7949, 5730, 6579, 5866, 7825, 4184, 8590, 2333, 5268, 6062, 5454, 5238, 6854, 1105, 6084, 3240, 1487, 8649, 8148, 7867, 3540, 7079, 1479, 5629, 2848, 7317, 2348, 7236, 3253, 3553, 2058, 6352, 4359, 6474, 6820, 1717, 7000, 2460, 1991, 3878, 6747, 2630, 609, 4966, 8353, 2708, 8478, 3266, 2784, 1866, 8386, 8266, 2077, 5517, 6934, 2342, 3660, 5659, 5967, 5261, 7195, 9154, 8471, 7907, 2325, 4904, 7657, 2017, 4398, 6284, 2415, 8712, 5354, 915, 3375, 8901, 4648, 6516, 3996, 8646, 8914]
TFR2	5690.0	[8643, 1928, 2914, 7360, 714, 4300, 9276, 6023, 8636, 5760, 5536, 1876, 8161, 9087, 7199, 627, 7731, 2354, 754, 6244, 5819, 8357, 4896, 7128, 473, 8242, 2067, 3950, 517, 4319, 647, 9030, 4727, 1845, 738, 4397, 6635, 9317, 1652, 3151, 4356, 8850, 5782, 1960, 7056, 7541, 8467, 7220, 2809, 6144, 8490, 322, 2601, 1691, 1673, 9382, 7147, 2529, 2438, 5993, 4291, 9155, 8871, 786, 4305, 7427, 5681, 835, 6641, 8942, 1624, 5585, 8501, 3410, 7571, 6735, 7997, 4767, 6219, 8579, 5699, 1757, 3851, 8942, 8435, 9391, 7951, 3997, 9354, 8957, 3129, 1916, 2180, 5425, 8974, 810, 9535, 9137, 1393, 3886]
MC1R	5709.5	[5530, 9429, 1293, 2314, 6528, 1517, 1941, 2447, 7670, 5526, 7244, 9175, 2784, 5991, 9717, 4390, 2544, 3266, 9234, 8483, 9227, 4577, 4646, 8460, 2032, 1540, 8780, 9182, 7346, 5624, 3139, 833, 8907, 5528, 8844, 6130, 7553, 6654, 4238, 7231, 5795, 6786, 4337, 5603, 2478, 5856, 8631, 1263, 3964, 7119, 6196, 3589, 1557, 2878, 6222, 7627, 6455, 4740, 6100, 8358, 8651, 4980, 4847, 566, 7123, 8961, 2197, 2502, 3746, 7122, 8378, 4017, 4644, 7950, 9529, 7386, 3285, 1243, 1566, 6040, 9652, 4693, 9385, 6596, 7310, 1224, 4426, 6028, 6456, 2396, 7869, 3002, 2021, 8249, 950, 2437, 616, 5980, 5503, 8159]
CHRNB3	5787.0	[1599, 7662, 1076, 1001, 7306, 3547, 9525, 7072, 2772, 7242, 547, 1028, 5119, 4329, 6235, 3496, 4629, 7478, 1784, 9648, 2526, 2119, 3362, 8492, 9473, 9118, 2374, 512, 1069, 205, 9468, 4091, 9395, 8767, 9657, 361, 7483, 9749, 8007, 6057, 9098, 5457, 8904, 2189, 5119, 748, 8691, 274, 9062, 8979, 5719, 8538, 7698, 9748, 3022, 9246, 3970, 7548, 6803, 5381, 6230, 8827, 7556, 9567, 5863, 4211, 5480, 9261, 9465, 6904, 8856, 1019, 361, 939, 8984, 8057, 4544, 2312, 6174, 2902, 2935, 1634, 8554, 1572, 912, 8192, 3511, 1040, 2143, 3263, 5855, 3607, 888, 606, 8044, 7659, 9194, 8321, 7071, 2587]
NOVA1	5870.0	[1934, 8850, 8980, 5921, 1184, 9356, 7807, 5819, 8444, 3586, 8200, 5657, 6802, 9758, 7211, 1093, 1221, 4105, 3116, 4117, 512, 9439, 4504, 6650, 595, 863, 7493, 242, 8771, 6211, 7091, 5161, 2514, 9221, 624, 6889, 6502, 7881, 4044, 9051, 8414, 9382, 1810, 4643, 1027, 6451, 2258, 3455, 9431, 7364, 8707, 3479, 3480, 4456, 726, 1976, 8793, 8285, 4251, 7790, 6545, 6268, 7551, 227, 4916, 8594, 9425, 599, 7017, 7334, 9554, 9064, 2688, 4312, 6628, 996, 2995, 1119, 295, 1313, 9474, 6689, 8702, 1592, 354, 2028, 2244, 9767, 7927, 9354, 9615, 8750, 402, 1932, 1303, 9199, 1239, 8328, 720, 1215]
SLC26A6	5892.5	[6394, 3177, 7829, 9044, 9325, 9330, 8489, 8594, 4801, 3164, 2651, 2436, 1422, 1461, 566, 345, 2821, 4797, 5294, 3406, 2547, 9276, 6687, 3467, 8892, 6100, 8884, 2645, 8123, 1114, 1759, 5370, 9162, 3864, 9448, 1831, 4526, 1319, 2643, 6774, 1587, 2123, 6045, 7623, 9544, 3512, 2992, 9451, 6118, 9260, 7966, 8234, 8190, 2641, 8561, 8531, 9226, 3989, 7517, 8154, 6186, 3497, 1870, 8803, 1417, 6508, 7232, 1354, 3419, 3366, 2981, 9325, 9060, 885, 9072, 1604, 7629, 7774, 7906, 1679, 8594, 7813, 2549, 2523, 5740, 4163, 2047, 1562, 8672, 8188, 6404, 588, 373, 7321, 2597, 9511, 7382, 8182, 4529, 9269]
ATOH1	5975.5	[7781, 989, 4324, 8619, 2155, 3078, 8517, 3508, 9570, 6633, 2784, 1734, 8996, 6958, 1904, 6305, 5377, 5923, 569, 3628, 4413, 785, 4161, 8710, 1795, 5637, 1786, 8971, 598, 7531, 9686, 8777, 8877, 425, 4262, 5121, 1005, 4887, 8074, 9221, 9522, 648, 9375, 4103, 1364, 1508, 8338, 8129, 8561, 5065, 6228, 4671, 1449, 8683, 9466, 2263, 993, 7519, 732, 6282, 9769, 8774, 7400, 4799, 6303, 8699, 2766, 1160, 2876, 3216, 7733, 2029, 6715, 5778, 8900, 4133, 4797, 6381, 7007, 9238, 5649, 7981, 9151, 2292, 8930, 8295, 876, 7207, 2527, 6028, 8642, 7455, 4964, 8394, 8612, 8453, 3896, 6759, 7624, 2081]
GPLD1	6087.5	[6106, 5983, 7970, 7463, 862, 8864, 1986, 2784, 5889, 1846, 1650, 7086, 6069, 6462, 7284, 1879, 6688, 9231, 3148, 8116, 5318, 7449, 6258, 5904, 1325, 3251, 2428, 1825, 4176, 2794, 7939, 5379, 7393, 627, 1278, 7298, 7800, 8803, 1805, 975, 4034, 1687, 6540, 2894, 8625, 7211, 6337, 1565, 7200, 952, 4776, 6957, 2724, 7837, 7611, 1617, 3687, 2484, 3516, 2253, 3987, 1525, 8827, 3219, 1401, 7554, 7476, 1639, 6119, 9391, 8544, 6359, 1376, 3315, 7651, 9380, 8253, 3834, 9463, 2210, 6852, 8834, 8635, 4743, 8912, 8167, 6645, 6132, 9178, 1250, 7393, 6269, 4383, 4935, 9152, 4728, 6902, 6557, 1763, 7555]
OR10H2	6126.0	[6522, 3264, 265, 8232, 8573, 9468, 2715, 1146, 522, 9440, 8743, 8141, 6462, 537, 809, 2357, 6570, 8777, 5134, 8226, 9086, 4803, 7317, 4466, 2202, 172, 185, 1025, 1843, 813, 9492, 3372, 9250, 1244, 4274, 8180, 9660, 1461, 9378, 9297, 4344, 9630, 8986, 8526, 298, 9454, 5752, 7593, 9287, 7964, 8165, 9270, 8478, 1002, 2258, 8895, 453, 3057, 336, 3511, 3271, 70, 8484, 6203, 9086, 4876, 9373, 7860, 6019, 6008, 8940, 9214, 457, 2008, 9556, 4262, 7480, 6049, 304, 9576, 9394, 1767, 7007, 4676, 7759, 2801, 9099, 9120, 2983, 3990, 9262, 4180, 9377, 3931, 9175, 638, 8987, 300, 7880, 1506]
TTYH1	6207.0	[1692, 4462, 7335, 5141, 9641, 2303, 8389, 8636, 1248, 6797, 8285, 297, 3135, 1575, 8189, 8627, 7293, 5088, 8143, 8614, 5819, 6450, 755, 9522, 6824, 6700, 3597, 9549, 2586, 1451, 6102, 5955, 1234, 9394, 4243, 4123, 3277, 906, 7278, 2308, 9657, 8763, 9393, 6615, 3680, 4625, 8976, 932, 3000, 3373, 7686, 9641, 9331, 959, 7959, 2805, 6220, 8417, 9029, 3156, 5727, 8747, 782, 5245, 6739, 1970, 3690, 901, 6788, 4570, 6194, 7257, 7213, 7283, 8233, 7431, 2692, 6252, 6950, 1839, 9481, 7135, 6475, 9224, 6517, 1936, 5467, 8713, 2988, 4749, 8368, 692, 4977, 7797, 8075, 1371, 8988, 2271, 606, 762]
CYP2C8	6287.0	[8721, 4226, 5505, 3041, 4583, 8785, 7983, 2156, 6930, 7759, 5989, 6894, 7068, 8836, 6096, 5930, 1592, 8270, 1834, 4900, 6833, 8677, 934, 7416, 7776, 4689, 2140, 1033, 7128, 8530, 1675, 6483, 3723, 4490, 8429, 4453, 9075, 2982, 9630, 1673, 8848, 5383, 2856, 7809, 8751, 9233, 1968, 4935, 7923, 2589, 6343, 1148, 3112, 5205, 5658, 4593, 8559, 6692, 5704, 2891, 9053, 601, 5926, 1156, 8459, 9304, 8244, 8730, 7296, 8812, 928, 7270, 1294, 3446, 6061, 1641, 6430, 6943, 2770, 5918, 7337, 9179, 3275, 6391, 2231, 6231, 5584, 9273, 6821, 8444, 7475, 7263, 5032, 4802, 7576, 7835, 1974, 8697, 7169, 8150]
GAGE7	6375.0	[9342, 3019, 802, 8979, 9338, 156, 5177, 7644, 4543, 9329, 3813, 6372, 9469, 9768, 9370, 1577, 806, 8029, 233, 7703, 9309, 9835, 9007, 613, 9687, 932, 5343, 177, 7889, 3028, 9495, 325, 73, 9574, 7673, 7417, 163, 1097, 8495, 9578, 156, 464, 8569, 480, 9746, 726, 475, 6978, 8670, 6742, 263, 8538, 6935, 9715, 9815, 232, 352, 61, 454, 9183, 95, 3839, 9740, 7515, 6237, 5343, 318, 727, 8024, 6378, 1519, 9493, 7664, 8829, 1048, 70, 1262, 380, 9676, 506, 6625, 9317, 3179, 8122, 4263, 8136, 9358, 9441, 542, 9763, 1415, 356, 108, 9796, 1380, 9793, 850, 9439, 1353, 9281]
ZNF124	6390.0	[6957, 2305, 5479, 7491, 890, 5132, 1247, 8756, 548, 8625, 9603, 886, 274, 9821, 9687, 8382, 8633, 9130, 868, 8861, 8515, 9413, 9728, 124, 565, 6374, 8835, 5210, 8842, 2569, 4225, 9277, 719, 8691, 9456, 7958, 9040, 3127, 7071, 7881, 352, 3783, 6584, 1007, 6406, 392, 8719, 6056, 9038, 4988, 9341, 9190, 1672, 862, 9674, 820, 1114, 9034, 6968, 8306, 9710, 1944, 6230, 8895, 4655, 4638, 6299, 2440, 8363, 4150, 377, 2001, 8615, 6350, 473, 4090, 4333, 8493, 8890, 7210, 2492, 2105, 7529, 1252, 3079, 8962, 2774, 7406, 8652, 949, 7788, 9407, 873, 1742, 9618, 9519, 792, 8830, 9143, 66]
OR52A1	6410.0	[65, 5789, 9131, 9569, 8063, 9432, 3337, 8429, 2501, 537, 9771, 9259, 247, 8917, 111, 5402, 1360, 3644, 6972, 694, 6835, 4993, 4499, 9705, 9281, 8925, 8614, 1755, 9387, 430, 9673, 7063, 131, 9606, 9503, 9100, 9855, 9823, 2360, 151, 153, 1343, 9833, 2317, 9691, 1986, 9755, 1114, 1979, 591, 1924, 245, 5491, 161, 9490, 9510, 328, 1294, 8501, 8232, 9857, 2652, 9717, 8377, 9522, 2357, 9832, 553, 5985, 9792, 9770, 9582, 9553, 113, 8910, 9258, 4483, 2916, 486, 917, 5010, 3523, 392, 9568, 9705, 9581, 9734, 8672, 4230, 187, 364, 8002, 76, 9766, 5178, 1341, 8817, 181, 7347, 9666]
KCNIP1	6500.5	[8986, 491, 9407, 7457, 2094, 8524, 9708, 6817, 6241, 8367, 5039, 3640, 8746, 6530, 9573, 5268, 8745, 3133, 9599, 1822, 9712, 8536, 9506, 7818, 6467, 9786, 1584, 1941, 422, 4617, 4688, 2561, 7552, 8543, 7769, 759, 9618, 8619, 221, 9192, 674, 9472, 5958, 9780, 9364, 7255, 1245, 9383, 436, 1098, 1053, 8568, 7851, 1330, 6789, 9449, 5115, 8002, 8706, 4848, 9642, 579, 282, 7235, 8811, 9607, 6471, 7778, 3775, 3277, 9296, 6979, 3655, 8769, 270, 453, 7966, 9785, 288, 218, 4707, 8086, 9055, 2138, 928, 1116, 3658, 517, 6082, 4164, 790, 8978, 9251, 438, 8914, 4230, 9156, 1422, 5052, 3830]
CDH17	6619.0	[6604, 8898, 5800, 8915, 6634, 7776, 4644, 9241, 7417, 8315, 8904, 5747, 6764, 4118, 9220, 9269, 5640, 2665, 8250, 7653, 9053, 4070, 7260, 9262, 963, 3727, 6933, 5312, 7852, 8973, 9365, 7823, 6361, 204, 9392, 7199, 7627, 8156, 4862, 4596, 3010, 5578, 4551, 9004, 3102, 8968, 5047, 8769, 1519, 6111, 590, 7683, 4233, 9279, 3220, 7534, 1768, 7215, 9162, 9526, 1004, 8785, 4886, 3039, 6562, 1367, 8008, 3216, 2521, 7895, 7889, 2588, 1315, 4876, 3560, 3942, 4116, 9390, 9112, 8757, 4480, 8368, 7462, 4453, 9283, 1281, 8558, 9330, 2660, 6413, 5790, 3371, 789, 9394, 5615, 9464, 2165, 3794, 7433, 8637]
KCNJ1	6912.0	[8863, 6736, 9413, 3372, 8950, 9713, 9133, 439, 1513, 9129, 1824, 1935, 9058, 796, 8325, 9853, 2801, 9275, 9345, 8742, 7139, 643, 3534, 1026, 8071, 900, 9318, 1463, 8754, 6662, 7306, 2602, 2648, 9008, 9797, 1807, 6391, 7856, 9241, 9834, 167, 1458, 7959, 8441, 1104, 8493, 6877, 9379, 9439, 8694, 5415, 8600, 562, 7763, 6947, 1255, 2991, 9505, 8559, 1937, 7666, 894, 8897, 1495, 5300, 686, 5474, 1923, 8290, 9161, 4608, 6572, 5910, 5991, 8528, 3974, 9756, 5659, 6125, 7473, 3674, 1513, 9816, 8447, 8120, 9204, 763, 8151, 9727, 5631, 7332, 8286, 8906, 3480, 931, 450, 4142, 1161, 8127, 300]
RBP3	6967.5	[9104, 9382, 9573, 8904, 129, 5492, 5820, 107, 273, 9742, 682, 9391, 9840, 9802, 2816, 7319, 9788, 9630, 90, 96, 9833, 9832, 3029, 7557, 437, 7289, 8299, 9692, 8608, 4388, 262, 8155, 4644, 4607, 9448, 3724, 8962, 9483, 8356, 345, 3661, 8913, 1067, 9386, 8348, 549, 8641, 7620, 7536, 7949, 143, 9776, 4142, 1113, 1902, 6895, 8416, 1527, 8096, 67, 284, 5107, 4993, 9257, 7791, 9817, 9627, 370, 7748, 7040, 9161, 95, 9253, 9626, 9819, 1287, 3512, 5308, 6732, 4326, 9547, 108, 119, 179, 201, 1170, 8993, 6346, 1016, 9781, 508, 5381, 8978, 8713, 1991, 149, 9495, 9220, 1693, 6611]
OPN1SW	7352.5	[9164, 187, 9834, 67, 9752, 106, 9187, 9791, 9604, 526, 9837, 9828, 6322, 9705, 1617, 48, 9860, 864, 5363, 9, 9842, 3445, 9835, 9705, 9695, 9206, 223, 9546, 9684, 40, 136, 1124, 1168, 9709, 737, 628, 9671, 90, 9427, 260, 245, 9831, 9140, 743, 3598, 9874, 1083, 9691, 8994, 540, 8374, 9409, 7951, 9624, 205, 9836, 9729, 9373, 5140, 688, 17, 54, 9206, 9725, 9120, 9825, 2653, 2015, 42, 9857, 1957, 7283, 430, 9746, 9588, 8244, 9683, 9832, 170, 24, 9795, 1615, 740, 12, 9864, 98, 8989, 5700, 4341, 9729, 126, 24, 72, 9835, 7422, 8337, 3, 1942, 253, 9726]
