Gene	Median Rank	Full Ranks
DAZ4	98.5	[7, 71, 13, 63, 13, 6, 188, 5, 1156, 98, 41, 4326, 161, 14, 524, 665, 5, 3987, 6, 82, 11, 7, 17, 5462, 78, 195, 66, 8, 148, 2797, 237, 140, 6, 22, 5233, 115, 62, 3282, 99, 285, 9, 562, 448, 98, 17, 133, 5352, 12, 389, 12, 2528, 808, 9, 1942, 16, 252, 17, 14, 661, 1187, 12, 17, 102, 114, 1800, 5, 179, 5109, 221, 14, 2187, 10, 85, 4068, 9, 6120, 13, 324, 103, 1295, 282, 98, 6, 9, 12, 705, 2744, 10, 15, 198, 477, 9, 107, 3055, 82, 13, 10, 174, 8, 4750]
RFPL3	136.0	[24, 47, 46, 244, 647, 242, 22, 232, 536, 433, 47, 35, 100, 190, 47, 15, 101, 156, 56, 2089, 94, 5191, 39, 69, 22, 121, 142, 851, 136, 216, 454, 627, 102, 164, 504, 31, 35, 114, 179, 36, 1809, 95, 24, 95, 12, 6251, 64, 30, 1358, 81, 52, 28, 785, 45, 204, 601, 129, 278, 40, 20, 1315, 84, 45, 43, 215, 2259, 2045, 196, 4450, 2366, 1249, 1304, 35, 76, 105, 316, 136, 52, 12, 65, 229, 677, 261, 263, 179, 87, 5962, 1134, 194, 82, 386, 80, 151, 6335, 45, 4201, 474, 78, 72, 230]
HCRT	222.0	[137, 404, 566, 196, 1703, 46, 143, 236, 2402, 207, 124, 205, 1105, 106, 161, 283, 2648, 346, 162, 176, 98, 1285, 71, 122, 99, 1123, 534, 166, 417, 336, 502, 175, 762, 1365, 118, 1099, 345, 41, 133, 560, 176, 37, 351, 264, 1594, 409, 260, 1448, 220, 2004, 1733, 165, 74, 160, 246, 420, 646, 87, 39, 97, 295, 207, 187, 1363, 223, 68, 2756, 926, 289, 103, 4007, 104, 37, 1621, 272, 73, 412, 396, 166, 110, 229, 172, 255, 125, 82, 54, 1877, 80, 391, 277, 334, 85, 51, 1255, 135, 71, 123, 221, 577, 128]
MAS1	267.5	[440, 167, 448, 5318, 467, 42, 33, 62, 27, 1792, 651, 25, 41, 108, 192, 46, 448, 1542, 349, 48, 2170, 999, 752, 49, 1946, 40, 82, 5347, 257, 839, 32, 28, 72, 1662, 2740, 385, 3369, 1173, 65, 2751, 40, 1899, 57, 299, 1355, 589, 1350, 2286, 1320, 21, 2469, 1879, 1715, 47, 4127, 42, 91, 35, 2792, 571, 39, 23, 56, 804, 2657, 50, 252, 3091, 33, 69, 202, 115, 27, 45, 128, 710, 80, 109, 1831, 48, 55, 1281, 2877, 19, 70, 53, 1482, 378, 632, 56, 95, 278, 21, 1619, 3347, 35, 1354, 27, 1159, 323]
CYP2C8	451.5	[1001, 397, 528, 373, 226, 804, 266, 242, 222, 1260, 460, 222, 280, 504, 1305, 572, 651, 543, 380, 507, 426, 408, 360, 191, 226, 947, 2829, 134, 430, 660, 879, 100, 359, 369, 330, 771, 1480, 951, 392, 464, 265, 568, 466, 1783, 3782, 520, 2850, 454, 1028, 445, 620, 390, 489, 292, 326, 455, 1182, 223, 673, 964, 1203, 555, 753, 101, 149, 1963, 319, 436, 2378, 650, 520, 464, 447, 154, 347, 144, 262, 239, 218, 367, 297, 2565, 279, 1376, 510, 260, 564, 457, 222, 411, 607, 137, 1373, 694, 443, 449, 398, 235, 539, 357]
GRIN2A	606.5	[164, 378, 714, 410, 445, 578, 145, 1031, 2381, 484, 175, 143, 273, 1342, 875, 1218, 871, 841, 486, 371, 1851, 489, 747, 786, 654, 1123, 1759, 435, 2394, 273, 838, 979, 315, 187, 2668, 1433, 304, 270, 1612, 943, 151, 1451, 930, 255, 271, 198, 330, 451, 358, 1038, 773, 1900, 811, 678, 546, 387, 1815, 197, 122, 439, 2459, 918, 147, 642, 753, 199, 904, 432, 350, 969, 773, 386, 787, 379, 487, 319, 1636, 850, 587, 443, 998, 340, 242, 238, 2628, 1388, 338, 1083, 314, 1511, 605, 1251, 227, 1447, 1618, 804, 828, 512, 608, 418]
MX1	727.5	[486, 218, 775, 4635, 471, 1370, 389, 1187, 2831, 1258, 354, 1061, 736, 1310, 350, 632, 410, 1464, 468, 1539, 1175, 1329, 987, 317, 566, 278, 370, 848, 1681, 557, 220, 527, 473, 565, 491, 673, 1673, 1661, 535, 1030, 517, 743, 406, 384, 1831, 454, 790, 273, 839, 1029, 1227, 524, 178, 291, 263, 457, 240, 886, 931, 489, 1690, 1090, 699, 170, 649, 424, 941, 602, 1237, 3042, 1251, 176, 1390, 487, 1747, 3425, 1119, 419, 1335, 1957, 277, 857, 921, 1297, 3306, 270, 2642, 548, 2428, 1097, 430, 1412, 819, 327, 1164, 313, 612, 279, 1127, 719]
IFNA14	791.0	[307, 1392, 509, 4432, 803, 508, 138, 3058, 599, 959, 786, 379, 1151, 664, 1552, 306, 653, 1597, 734, 5474, 519, 512, 781, 1658, 184, 483, 762, 756, 583, 961, 668, 4885, 414, 529, 265, 990, 780, 884, 963, 721, 932, 796, 816, 4067, 1615, 868, 656, 407, 783, 236, 744, 3522, 786, 1635, 2798, 640, 974, 1397, 694, 601, 1531, 407, 2682, 572, 4540, 546, 263, 1003, 634, 1149, 5120, 1090, 1207, 674, 529, 850, 1823, 2071, 451, 889, 747, 324, 1057, 1828, 1034, 502, 877, 451, 2337, 2354, 1253, 4712, 778, 509, 1695, 428, 2989, 1249, 543, 2985]
PDZK1	806.5	[203, 371, 643, 567, 718, 2086, 452, 604, 305, 287, 1498, 1545, 300, 1262, 1196, 2397, 1952, 440, 1107, 338, 381, 630, 1857, 1344, 303, 1508, 489, 908, 673, 147, 1248, 2112, 327, 2006, 1135, 3718, 1838, 354, 557, 1191, 878, 498, 120, 797, 262, 402, 2345, 2120, 311, 1172, 223, 1028, 2172, 1615, 1890, 1667, 527, 1084, 1767, 892, 171, 1695, 1926, 744, 1280, 592, 962, 1062, 1665, 324, 454, 1459, 227, 1036, 1618, 297, 603, 808, 535, 1869, 688, 809, 1070, 1138, 628, 374, 2734, 407, 310, 191, 241, 805, 539, 1835, 732, 1613, 2093, 130, 428, 2126]
PARG	858.0	[861, 194, 711, 1324, 775, 2263, 810, 855, 3321, 296, 592, 1918, 267, 683, 576, 1048, 470, 645, 1652, 183, 1578, 1687, 405, 767, 1013, 764, 1866, 335, 496, 4325, 3612, 191, 1057, 252, 580, 2761, 558, 107, 1372, 3294, 2921, 123, 2578, 2527, 1201, 1361, 296, 778, 225, 4734, 154, 891, 749, 1569, 944, 358, 874, 702, 257, 3423, 2923, 792, 578, 357, 753, 1817, 793, 3157, 465, 459, 532, 1482, 588, 2189, 3553, 761, 4682, 1362, 378, 3168, 1488, 463, 1938, 490, 733, 1483, 1267, 712, 1162, 1058, 1553, 914, 881, 544, 166, 779, 2841, 985, 4718, 3345]
MAP4K1	865.5	[555, 761, 1286, 231, 784, 1851, 2799, 530, 1144, 3156, 898, 2378, 1037, 587, 722, 616, 608, 570, 571, 1368, 1886, 535, 2593, 403, 167, 843, 968, 591, 1490, 1061, 788, 591, 1058, 1288, 1068, 527, 526, 648, 654, 869, 1131, 882, 2196, 1202, 506, 361, 2241, 450, 341, 997, 2504, 467, 1340, 656, 1634, 994, 660, 3013, 1495, 1278, 2850, 954, 596, 245, 260, 551, 1900, 862, 1265, 1371, 448, 1199, 1358, 546, 409, 1064, 1371, 1027, 291, 2792, 694, 625, 1144, 381, 2312, 1146, 950, 677, 714, 245, 672, 252, 575, 1131, 414, 879, 1269, 282, 473, 2083]
GRP	917.0	[545, 1392, 167, 1523, 1271, 1451, 371, 287, 1262, 965, 1312, 266, 929, 452, 657, 706, 256, 4343, 217, 1301, 482, 58, 212, 825, 2126, 1232, 2560, 445, 1374, 686, 210, 1824, 146, 360, 1922, 845, 762, 1869, 1794, 575, 2093, 339, 944, 905, 3164, 235, 549, 984, 2425, 551, 2962, 304, 2403, 98, 902, 871, 1752, 4588, 1525, 353, 2063, 292, 84, 4758, 3048, 3488, 1341, 1762, 198, 183, 664, 3327, 715, 979, 3305, 112, 2871, 954, 829, 3130, 233, 724, 390, 714, 1768, 3148, 620, 130, 2229, 1878, 611, 957, 1402, 1099, 1139, 51, 2102, 234, 5047, 145]
MAFG	1149.5	[918, 2247, 1862, 867, 719, 1438, 2247, 1742, 1006, 1414, 204, 520, 269, 2886, 830, 836, 2146, 569, 626, 1287, 2779, 935, 1018, 754, 1007, 2153, 1042, 2804, 1404, 393, 979, 1747, 174, 920, 2480, 1851, 556, 872, 1452, 2049, 3142, 2302, 284, 1312, 886, 1611, 503, 606, 3113, 1443, 967, 1724, 1070, 3504, 1078, 1860, 1527, 2590, 840, 761, 1263, 1697, 1437, 623, 235, 1064, 2188, 1443, 1555, 1689, 2683, 840, 796, 1428, 625, 2444, 675, 1583, 1524, 546, 2537, 785, 747, 897, 1114, 555, 2411, 1403, 1836, 2228, 778, 1382, 2518, 594, 1103, 729, 1185, 1047, 1196, 363]
SMARCD1	1359.0	[1219, 1689, 1664, 727, 1444, 1122, 718, 1165, 2820, 2880, 1184, 3473, 3534, 1603, 1695, 696, 988, 759, 652, 1353, 601, 1123, 1449, 780, 1403, 1544, 1695, 1984, 630, 2225, 1477, 699, 2374, 2939, 431, 1122, 2781, 998, 1005, 1437, 744, 1891, 754, 1976, 1220, 2979, 1572, 1582, 2045, 770, 617, 2580, 2318, 942, 1546, 304, 1244, 804, 1375, 614, 678, 314, 400, 1365, 2424, 2540, 2310, 1429, 443, 690, 1275, 1202, 1146, 1048, 694, 1583, 2272, 3786, 887, 956, 905, 947, 1884, 2129, 2201, 1209, 1758, 506, 1595, 1541, 2321, 2715, 964, 1428, 612, 1957, 1979, 499, 882, 2274]
SEC24D	1420.0	[1433, 829, 1366, 2235, 1317, 766, 1760, 1462, 1714, 849, 1077, 992, 2857, 3416, 2131, 1042, 3298, 1374, 1937, 1467, 1738, 1926, 1473, 879, 1706, 535, 1498, 2123, 1798, 2899, 2245, 1144, 2141, 1798, 985, 405, 384, 802, 1893, 2272, 3306, 981, 821, 1875, 1711, 2556, 1580, 1975, 710, 1602, 1874, 1030, 716, 1083, 3146, 1706, 1562, 1880, 1219, 1274, 1117, 531, 2706, 1300, 2878, 2822, 1229, 1391, 1407, 3669, 1271, 1771, 780, 1296, 1107, 701, 825, 3077, 1505, 764, 4537, 2500, 1088, 614, 2549, 1835, 438, 941, 1042, 774, 2408, 3013, 829, 574, 1092, 1303, 1032, 660, 1152, 2021]
S100P	1437.5	[1013, 2107, 804, 3791, 1480, 1488, 960, 821, 919, 694, 1511, 1309, 1931, 811, 1463, 2100, 1548, 2346, 462, 2430, 2206, 1582, 1076, 2290, 2370, 2202, 1512, 2846, 824, 1457, 974, 526, 1232, 1621, 2000, 548, 570, 3470, 1418, 1161, 2699, 880, 817, 1392, 1318, 811, 1364, 1071, 2262, 2732, 1853, 1034, 1251, 3165, 690, 1729, 1150, 990, 1567, 1035, 1350, 1886, 854, 2459, 1394, 832, 1162, 2186, 3018, 1731, 1531, 807, 1294, 1626, 641, 1543, 1333, 1978, 1918, 1834, 1941, 814, 910, 659, 1616, 900, 1228, 1312, 1936, 1583, 1812, 843, 1778, 1475, 956, 1192, 2431, 718, 2212, 1626]
NAT1	1577.5	[789, 1977, 1064, 644, 1950, 2537, 334, 1870, 1499, 1577, 2369, 1578, 1013, 277, 1946, 1829, 1493, 3054, 491, 3402, 556, 5176, 909, 1604, 508, 3087, 2665, 935, 2047, 3220, 2715, 797, 862, 2909, 3815, 2685, 2723, 443, 2117, 750, 720, 2728, 1382, 2764, 3153, 520, 538, 1711, 1538, 373, 294, 2609, 1558, 3136, 1448, 1833, 2351, 2155, 1903, 969, 165, 2202, 517, 1377, 1449, 668, 576, 4037, 480, 1854, 2181, 318, 1409, 3433, 1219, 2577, 855, 2887, 931, 3030, 1556, 1145, 3064, 202, 1803, 3257, 4311, 2149, 2918, 522, 2770, 1612, 1230, 1187, 1389, 885, 2214, 645, 329, 4313]
UGT2B11	1587.5	[2082, 2746, 188, 432, 2504, 2868, 675, 1974, 1614, 3894, 4738, 857, 1342, 437, 3066, 1558, 2726, 5141, 1152, 524, 421, 5719, 1533, 709, 3600, 280, 2798, 572, 794, 1612, 455, 984, 5804, 973, 626, 454, 4255, 151, 3631, 1742, 1723, 307, 2809, 3444, 2091, 311, 3342, 3217, 4095, 191, 2620, 1116, 998, 2183, 426, 5075, 3038, 2636, 3157, 3507, 1012, 327, 535, 63, 66, 573, 5207, 3283, 4962, 502, 4911, 2517, 739, 1204, 1517, 268, 2676, 3613, 5583, 3285, 635, 3504, 2347, 523, 1361, 1563, 243, 1464, 1910, 1085, 5467, 929, 6110, 3384, 1794, 594, 711, 5040, 1098, 1167]
IFNA4	1603.5	[4617, 229, 4206, 1838, 2846, 1529, 4876, 1511, 705, 2345, 4249, 290, 2825, 404, 1313, 2907, 3892, 884, 2344, 1120, 3028, 4278, 495, 1444, 685, 1097, 963, 1180, 1329, 450, 379, 3183, 3393, 4581, 3656, 4312, 282, 2691, 5571, 1507, 3301, 288, 291, 721, 4743, 1891, 986, 700, 360, 5796, 3918, 4036, 5989, 502, 1602, 1533, 1501, 2896, 467, 902, 1614, 1230, 5365, 465, 2954, 4599, 5631, 405, 5712, 635, 3114, 992, 4011, 3532, 5131, 386, 2487, 1594, 1102, 1493, 1349, 541, 479, 483, 1669, 2122, 374, 1964, 5634, 2503, 1169, 2801, 1308, 4048, 2277, 1605, 4148, 1039, 695, 3637]
PTAFR	1655.5	[1243, 2113, 523, 3267, 2468, 1943, 1269, 5107, 1663, 1596, 1373, 2871, 1858, 1197, 2283, 1279, 1163, 761, 972, 1578, 2525, 1003, 1379, 1070, 853, 2462, 829, 2247, 2230, 3798, 2078, 3242, 3185, 3083, 888, 1085, 2224, 3650, 905, 1257, 1913, 1328, 1961, 2215, 1401, 2551, 1010, 2522, 1056, 3139, 1465, 1218, 2415, 338, 1689, 1537, 1421, 2496, 3021, 1889, 1095, 1723, 1302, 2250, 1570, 5451, 1911, 974, 624, 998, 2538, 1195, 3261, 3831, 1260, 3951, 512, 1648, 4711, 1161, 2089, 4514, 2412, 508, 2312, 2809, 1829, 2159, 875, 1365, 1373, 1646, 1097, 1932, 2856, 1258, 1219, 2470, 1293, 1371]
SFRP4	1659.5	[1044, 1879, 3190, 3973, 1340, 1644, 1501, 1713, 1329, 4537, 1425, 2920, 3821, 4065, 1522, 1115, 819, 1153, 3178, 1158, 5060, 1067, 1277, 3386, 1675, 1692, 1342, 1849, 1222, 2626, 2708, 2241, 542, 3897, 2220, 1807, 1516, 2369, 1378, 589, 534, 1096, 1555, 3129, 2469, 629, 1140, 1328, 1217, 689, 2459, 2033, 3065, 2575, 2058, 2751, 2502, 966, 3513, 2029, 1360, 2495, 3300, 2540, 1516, 1484, 2422, 499, 334, 4199, 5056, 2725, 2369, 1687, 3145, 1009, 3583, 1014, 4393, 1586, 1063, 1241, 620, 2641, 560, 3379, 634, 518, 1622, 3533, 1051, 1297, 866, 856, 2401, 2053, 850, 2381, 754, 1048]
SVIL	1660.5	[1612, 1728, 1488, 1609, 579, 2288, 1482, 1922, 1660, 1444, 1522, 1132, 746, 1160, 1206, 966, 1781, 1690, 1687, 2620, 1921, 922, 2424, 1346, 1864, 2868, 1368, 1371, 2128, 1339, 1865, 1866, 1885, 1825, 1720, 2555, 1391, 1194, 1617, 925, 1564, 1286, 1119, 632, 874, 1757, 2882, 1207, 1661, 2191, 2308, 3272, 1183, 1085, 4934, 1850, 2187, 1286, 1091, 1723, 647, 1858, 1579, 1508, 4804, 2598, 2700, 1509, 490, 2428, 702, 1507, 1752, 1366, 1969, 2212, 1892, 2234, 2207, 1325, 1395, 729, 1064, 1223, 1728, 1456, 2958, 1834, 2381, 1551, 1229, 1155, 3450, 3238, 614, 3537, 1666, 2626, 2073, 2094]
OR10H2	1693.5	[1010, 3687, 1650, 608, 1809, 1110, 4389, 492, 829, 2446, 1015, 5789, 4563, 2176, 2462, 5406, 4901, 619, 550, 2149, 3427, 1089, 785, 5991, 5365, 563, 1036, 1044, 2806, 4913, 5046, 2126, 3848, 1935, 5778, 5244, 1940, 5836, 1041, 287, 997, 6178, 5264, 5032, 3821, 1458, 815, 5487, 508, 424, 287, 4422, 541, 300, 594, 81, 354, 2848, 229, 2947, 619, 3678, 1548, 4611, 733, 2007, 1958, 1152, 5103, 259, 1513, 3247, 3181, 1588, 1280, 540, 5080, 1884, 2508, 5157, 668, 410, 5004, 290, 538, 840, 551, 769, 2356, 358, 3447, 1214, 852, 2576, 4490, 1737, 102, 3059, 900, 1183]
CD37	1707.5	[2209, 1778, 2696, 4191, 476, 1634, 5027, 1309, 1352, 820, 940, 2844, 3966, 1273, 1888, 4696, 420, 795, 2756, 753, 2972, 356, 543, 1470, 662, 1303, 718, 583, 1279, 2780, 2227, 860, 2030, 724, 794, 933, 1663, 1316, 1770, 3024, 2880, 1695, 735, 2238, 1428, 2068, 4384, 1480, 1269, 781, 1382, 2210, 2769, 1710, 1458, 4453, 3610, 1499, 6065, 609, 1730, 4136, 2032, 1780, 2000, 5234, 2177, 3506, 2172, 3246, 1057, 1833, 1088, 3451, 4279, 2859, 1152, 1240, 3037, 1705, 1249, 3810, 4193, 1690, 1214, 1147, 2273, 1590, 1281, 1604, 2275, 1703, 3915, 2381, 2163, 2367, 1068, 2795, 897, 641]
ESR1	1780.5	[1509, 1057, 2298, 2329, 1712, 2247, 2697, 1406, 1224, 1921, 1416, 1551, 577, 3258, 895, 2848, 3156, 1536, 723, 3074, 3015, 1733, 871, 2795, 2644, 1683, 2477, 1356, 1833, 2314, 2298, 1633, 2105, 3129, 645, 2142, 1951, 2056, 1260, 937, 1506, 2349, 1348, 563, 1560, 965, 2730, 2057, 2841, 2145, 1535, 571, 1951, 2408, 1166, 419, 1779, 2649, 1476, 458, 791, 1503, 1798, 1380, 3052, 820, 2823, 3308, 2135, 2502, 985, 614, 1555, 349, 1343, 2278, 2351, 1782, 1336, 881, 616, 1514, 3140, 549, 3942, 616, 2220, 3655, 2297, 1767, 1471, 3694, 609, 1874, 2275, 2784, 3217, 2619, 2508, 798]
OPN1SW	1793.5	[560, 3709, 4146, 162, 5042, 3219, 129, 5140, 4734, 1324, 4347, 120, 2648, 259, 491, 2297, 476, 5839, 4015, 1462, 3416, 1887, 1768, 1249, 1977, 3381, 4879, 1412, 411, 2413, 5397, 1418, 139, 4425, 1568, 3454, 410, 575, 2722, 396, 6094, 3583, 266, 3205, 105, 4922, 2401, 145, 1196, 1557, 644, 1726, 2930, 1416, 2014, 695, 418, 1925, 4752, 4752, 828, 3633, 277, 3449, 738, 365, 3446, 514, 163, 517, 677, 2832, 704, 3195, 3706, 221, 2451, 2386, 1509, 120, 3217, 5857, 2308, 167, 5433, 582, 1672, 1481, 2061, 616, 486, 5286, 4236, 1819, 547, 141, 2400, 719, 2158, 3273]
ICAM2	1811.5	[2228, 2178, 1422, 2262, 1105, 1916, 1226, 3152, 1490, 1417, 959, 1804, 2894, 2900, 1643, 1308, 1716, 2512, 1709, 1673, 1736, 987, 1482, 1994, 1666, 2806, 680, 2334, 1675, 2113, 508, 1493, 914, 1577, 1682, 1970, 1953, 2564, 496, 1519, 2658, 2335, 1115, 1272, 2354, 2097, 937, 3678, 2200, 1150, 1548, 2600, 1581, 1464, 1268, 1160, 926, 1584, 1135, 2024, 3387, 914, 1876, 2492, 2303, 1434, 1669, 3059, 2018, 2370, 2128, 1956, 1818, 1847, 1976, 2026, 1203, 3012, 4323, 3495, 2396, 2652, 1253, 2311, 1198, 1433, 2550, 2795, 1369, 4648, 2243, 829, 2116, 1805, 1090, 1999, 895, 2370, 1766, 2227]
SMARCB1	1857.5	[513, 961, 1422, 2130, 4972, 1219, 1122, 2737, 5784, 3619, 1821, 1194, 1308, 149, 489, 2579, 2316, 1868, 3732, 3068, 2551, 4062, 743, 1931, 1617, 1787, 794, 1556, 1368, 4522, 6386, 2507, 1444, 1550, 472, 2612, 2674, 4991, 1115, 2024, 2099, 3467, 1566, 1118, 4109, 212, 3430, 374, 2091, 720, 744, 3897, 1500, 2001, 4163, 1958, 2315, 4216, 1771, 1850, 1561, 1795, 2040, 1469, 1789, 783, 616, 3691, 3052, 3239, 5422, 2290, 4678, 1657, 1881, 1880, 175, 2125, 1661, 2466, 1865, 931, 5488, 229, 1744, 4858, 218, 3430, 3171, 2957, 1661, 1471, 1821, 4157, 1504, 2152, 1704, 888, 546, 358]
CALM2	1862.0	[2934, 2767, 2037, 1858, 2451, 2246, 1777, 1174, 2224, 2442, 1735, 630, 796, 1651, 1388, 1369, 1517, 1693, 2642, 1712, 4017, 2039, 2272, 1111, 2269, 1573, 2280, 1127, 1316, 1558, 2056, 2521, 2008, 1112, 1581, 2852, 2198, 2468, 2626, 1913, 2811, 1832, 1338, 1678, 596, 2067, 1303, 2359, 1704, 2373, 2514, 794, 2129, 1271, 2122, 1199, 1534, 3553, 1985, 3231, 1715, 904, 1789, 1661, 1504, 1080, 1722, 1788, 3752, 1866, 2759, 1897, 1052, 1086, 2011, 1240, 1226, 3248, 1307, 2382, 2033, 1869, 1156, 1843, 1267, 2718, 837, 1460, 2488, 4658, 2349, 3055, 1955, 1866, 979, 2269, 3181, 1185, 2290, 1179]
KRT1	1870.5	[3929, 1791, 735, 2476, 2912, 1634, 961, 1682, 1015, 1368, 1708, 2052, 2066, 1254, 3272, 2086, 1040, 3186, 4277, 3482, 1956, 2141, 1531, 1304, 498, 863, 3413, 1825, 1078, 2421, 1715, 954, 4516, 3836, 632, 2460, 1952, 3633, 393, 2604, 2331, 3055, 1761, 3744, 2486, 2559, 1603, 941, 1476, 2602, 2850, 1099, 1992, 781, 3872, 1461, 727, 1143, 2880, 1234, 2633, 1042, 1007, 1931, 1526, 2215, 1446, 3359, 1830, 4125, 762, 3444, 1931, 1655, 1666, 962, 705, 3501, 1938, 1333, 3904, 2936, 3229, 1475, 2897, 951, 2471, 1451, 3292, 3639, 3000, 1911, 1350, 646, 851, 3116, 2004, 1208, 1663, 642]
ISG15	1896.5	[3387, 2687, 860, 1020, 2551, 1143, 3097, 1317, 2571, 1920, 2221, 1884, 1098, 2158, 4695, 2868, 1547, 2543, 2272, 1468, 1438, 1624, 916, 1691, 1494, 751, 2238, 3458, 1860, 3124, 1208, 980, 863, 1573, 1997, 2401, 2616, 1325, 2538, 2466, 561, 1431, 1499, 2651, 4051, 2281, 1344, 1018, 698, 1943, 1394, 3026, 2196, 1619, 2728, 4221, 1504, 1361, 2725, 1937, 1910, 2770, 1800, 4027, 1498, 3366, 2581, 852, 4128, 2605, 2140, 1619, 2209, 2989, 424, 937, 1516, 1906, 1275, 3102, 2884, 1694, 1856, 1976, 2541, 1937, 1487, 1601, 1543, 717, 1350, 923, 2429, 1887, 2932, 2469, 2198, 656, 1255, 1551]
TFF1	2086.0	[1635, 2819, 3085, 1596, 1677, 2258, 2675, 959, 2418, 1896, 1958, 2546, 1582, 2071, 2208, 4011, 964, 2018, 2397, 1063, 2596, 2789, 2574, 3472, 2807, 1196, 3945, 2481, 1176, 2289, 2162, 3261, 1940, 2193, 1480, 2893, 1305, 1127, 2626, 3107, 1781, 2713, 2042, 1856, 4297, 488, 2167, 1926, 1703, 1102, 2031, 3120, 4993, 1806, 1814, 311, 1916, 2373, 1923, 4062, 4755, 3044, 2658, 1706, 857, 664, 1212, 1139, 825, 2627, 2436, 4400, 2835, 1794, 1379, 2621, 2673, 1087, 4239, 989, 1732, 2598, 1783, 2479, 4247, 2538, 1306, 3424, 1811, 1359, 2111, 1490, 2682, 1835, 3268, 1898, 2101, 1678, 3231, 2053]
ACOX2	2246.0	[3585, 3591, 1147, 2269, 3286, 1369, 1757, 2069, 3680, 2311, 2019, 1027, 1999, 3374, 1528, 940, 2214, 1873, 4437, 2562, 2092, 877, 3280, 2285, 4145, 3243, 2598, 513, 2231, 2764, 3201, 1594, 967, 2996, 416, 3573, 4652, 3272, 1243, 1909, 4508, 4920, 1232, 3131, 1669, 1878, 2738, 1141, 1226, 2524, 2142, 549, 1189, 2267, 2722, 4191, 4451, 3642, 979, 1396, 671, 1986, 1269, 4471, 2102, 1222, 1073, 3048, 3196, 3525, 2827, 4420, 1838, 3049, 2393, 2261, 4591, 3497, 3789, 3317, 1399, 2722, 3324, 2205, 173, 2472, 1759, 2216, 3427, 2060, 1984, 1148, 1756, 2470, 1854, 1927, 1757, 1438, 4419, 2850]
MC1R	2268.0	[2255, 2231, 2721, 487, 3880, 1798, 5497, 1132, 3802, 1013, 731, 4768, 3065, 4923, 4687, 1448, 4511, 1326, 2982, 1277, 2550, 3868, 4653, 4151, 2051, 2329, 1016, 2157, 1861, 3506, 1584, 5220, 3399, 1421, 2230, 666, 1697, 2281, 2085, 659, 5467, 2299, 4755, 1672, 4169, 1799, 4775, 3561, 2703, 5592, 2054, 5667, 1218, 515, 1050, 5559, 1254, 4469, 5658, 4649, 5726, 1508, 3171, 1953, 2071, 2294, 2002, 1253, 1306, 2762, 4205, 1670, 4649, 6111, 1037, 1955, 2522, 3741, 2647, 2634, 4108, 1108, 3812, 6106, 1585, 1739, 2165, 715, 1001, 1447, 1483, 5418, 1788, 2619, 1505, 4178, 1227, 4184, 1894, 1859]
PSG6	2341.5	[1648, 5435, 2965, 978, 640, 2414, 1801, 461, 3262, 783, 2773, 4299, 419, 908, 3169, 4675, 762, 3702, 1468, 1550, 2812, 4015, 658, 3398, 1714, 805, 5728, 1062, 5564, 4991, 4296, 717, 4077, 1245, 2152, 4970, 3942, 3455, 690, 2409, 338, 5770, 980, 298, 5355, 5758, 3912, 5403, 739, 2915, 4100, 1743, 2706, 4328, 786, 436, 1544, 1098, 1220, 6176, 2534, 2319, 194, 4641, 3765, 550, 2448, 4843, 907, 1032, 991, 1187, 566, 932, 2868, 2439, 1738, 2435, 2104, 2395, 604, 2169, 2042, 687, 4279, 1215, 4341, 2352, 2893, 1559, 246, 1297, 2331, 933, 2531, 5448, 4892, 3770, 4050, 5955]
KCNIP1	2343.0	[5371, 1704, 1507, 4535, 2327, 1234, 683, 4388, 1096, 5273, 2071, 2932, 2172, 1075, 1377, 6311, 5045, 1410, 2760, 917, 3888, 941, 2865, 5525, 1876, 3602, 6312, 1767, 2359, 291, 5360, 3539, 1171, 3213, 1019, 1218, 1526, 2383, 3367, 2995, 2768, 730, 412, 3950, 6223, 1728, 4198, 2231, 265, 1809, 2792, 1494, 1469, 1790, 3248, 450, 227, 428, 4324, 1788, 814, 2216, 955, 2437, 2669, 5626, 676, 3187, 4183, 165, 6129, 138, 2190, 2922, 1588, 786, 3917, 4233, 1380, 1885, 3145, 1324, 5662, 2819, 1791, 4615, 3641, 3263, 4207, 1344, 177, 5323, 3935, 5359, 3787, 883, 4882, 1052, 4089, 4694]
VAPB	2448.5	[1326, 1363, 5249, 1651, 2123, 422, 3729, 1441, 2988, 1651, 4673, 4819, 3316, 4239, 3910, 1001, 1391, 2291, 1654, 1342, 1328, 2063, 1592, 2260, 2353, 1635, 4654, 1819, 2759, 3838, 1453, 5173, 1600, 4444, 4726, 4983, 4913, 1907, 2210, 3661, 2619, 434, 1522, 2345, 804, 1214, 2031, 866, 2255, 1766, 1138, 1750, 2287, 3946, 1367, 5144, 707, 4358, 693, 4856, 789, 2924, 5229, 4870, 4583, 3274, 778, 725, 1835, 1548, 3464, 4026, 2193, 3553, 3346, 4637, 2576, 3681, 3315, 3140, 1445, 4504, 4416, 5355, 4962, 2172, 4238, 5443, 4485, 1588, 2382, 2350, 5069, 1426, 4451, 4962, 4440, 4385, 2515, 4648]
PRAME	2473.0	[404, 2501, 1939, 2371, 2648, 5278, 2719, 260, 1390, 2460, 1592, 1494, 1652, 1510, 2366, 2907, 2161, 1615, 951, 2143, 2291, 2006, 962, 630, 2406, 883, 1672, 5495, 3136, 2070, 2180, 5170, 3556, 2448, 2937, 1522, 1415, 3020, 2559, 1829, 2708, 1301, 2825, 4168, 4430, 3717, 3139, 2389, 1480, 1761, 1835, 3122, 1097, 2952, 3999, 1095, 4267, 4693, 3527, 5212, 4325, 1505, 2568, 4107, 1415, 3663, 3063, 2976, 3038, 1750, 2949, 4690, 2028, 3042, 2005, 1205, 2738, 2368, 1438, 2845, 2928, 4704, 2352, 1951, 827, 3264, 4350, 2245, 2701, 1947, 2583, 4410, 709, 3198, 1054, 2833, 2586, 4980, 3106, 2486]
LRMP	2494.0	[2813, 2174, 3420, 2340, 3876, 2799, 2525, 3344, 2787, 3041, 2002, 4031, 2660, 2622, 2518, 1877, 1814, 3309, 2629, 1672, 3278, 1877, 3443, 1956, 1805, 2480, 3206, 3235, 2096, 2657, 3070, 2280, 1384, 1702, 3188, 1821, 2600, 2813, 2238, 2386, 2188, 2848, 1832, 1977, 1675, 2682, 2298, 2471, 2225, 2743, 3640, 2181, 1793, 1351, 3009, 2592, 2884, 1969, 2551, 1747, 1854, 3617, 2760, 2406, 2089, 2517, 2976, 2254, 2708, 1918, 2809, 1443, 2801, 1544, 2862, 1862, 3268, 1997, 1898, 3208, 2288, 1659, 1767, 1921, 2953, 2261, 2852, 2085, 2508, 3781, 1798, 2589, 2565, 1335, 2635, 2159, 2216, 2407, 3015, 2725]
CDH17	2544.5	[1887, 4071, 3241, 3505, 276, 1123, 866, 318, 1809, 631, 4276, 2974, 3266, 1607, 4277, 1053, 1184, 5340, 2139, 998, 227, 4205, 2056, 2490, 4261, 1731, 648, 881, 1023, 4810, 3763, 2363, 2121, 4762, 3599, 2847, 2587, 3420, 3758, 315, 1763, 3672, 3812, 1379, 292, 2056, 2554, 3305, 326, 1536, 2098, 2952, 1523, 2715, 759, 1029, 4836, 5167, 2978, 4240, 4787, 3292, 3429, 3458, 852, 5275, 2535, 798, 4931, 1324, 5819, 3409, 572, 2972, 1528, 4237, 1340, 3275, 5179, 1250, 4977, 2890, 1014, 1666, 2127, 1493, 4926, 1029, 4489, 3401, 838, 4477, 2824, 3078, 2419, 2114, 799, 2407, 3141, 2721]
TAT	2585.0	[1915, 2839, 3461, 2110, 683, 2433, 3170, 2689, 2199, 2720, 2908, 4013, 1395, 1561, 2432, 1019, 4405, 3367, 1962, 4671, 2298, 3063, 2445, 1670, 902, 2678, 1710, 3081, 3767, 4466, 1344, 2437, 3378, 2983, 2612, 2824, 2242, 2847, 944, 2518, 2530, 5094, 2867, 3343, 2399, 2062, 3952, 3071, 1249, 4466, 2516, 2738, 2811, 1452, 4492, 3655, 3094, 3643, 2875, 1950, 1898, 3621, 1748, 3743, 3200, 3075, 3097, 2781, 1429, 1409, 3219, 1695, 1829, 2349, 3610, 2949, 1562, 3387, 3041, 1875, 2356, 3976, 1559, 2530, 4552, 2558, 2421, 2728, 1682, 1135, 2323, 2520, 1956, 4157, 787, 2067, 3985, 1265, 3677, 2308]
GAGE7	2600.0	[5970, 1165, 3812, 2879, 790, 934, 852, 5672, 4181, 5289, 1175, 2085, 2377, 6201, 202, 4742, 5142, 2133, 6283, 3769, 2678, 4147, 725, 5120, 2078, 5556, 927, 185, 1080, 5617, 5492, 422, 5996, 2570, 5420, 5270, 2998, 173, 1922, 92, 5435, 606, 419, 4636, 1665, 304, 2474, 267, 967, 2023, 2925, 1469, 5962, 215, 6096, 388, 5051, 1082, 686, 4567, 1068, 1865, 569, 5846, 251, 5189, 2810, 1045, 2842, 4599, 5397, 1035, 4410, 2569, 4892, 6332, 2116, 2560, 2240, 4586, 3963, 2977, 4089, 1234, 4281, 6213, 1325, 1408, 4697, 5347, 4186, 5086, 2070, 3332, 6080, 2630, 1219, 2084, 536, 2161]
P2RY4	3037.5	[3131, 2160, 3483, 3363, 3654, 2649, 1975, 3165, 2467, 2610, 3194, 4179, 2349, 4679, 1312, 4589, 2461, 949, 2818, 3625, 4161, 3681, 1862, 3721, 1412, 1861, 1773, 944, 3973, 2994, 1603, 4953, 4746, 3536, 3506, 3260, 3861, 5407, 254, 5769, 3040, 4095, 2122, 270, 5103, 4672, 5940, 4802, 3035, 5618, 3685, 2640, 1003, 1370, 1145, 3713, 1350, 1715, 6077, 2315, 1576, 5012, 1514, 915, 571, 1460, 1064, 4449, 3935, 2692, 1028, 1906, 3227, 3771, 3833, 421, 2820, 5523, 3316, 6120, 2056, 4915, 3638, 1291, 2227, 5044, 1342, 4101, 715, 1594, 3123, 1182, 1843, 871, 4092, 415, 363, 3826, 3224, 3748]
KRT19	3079.0	[4634, 3620, 5359, 5265, 1938, 3548, 3407, 4575, 2076, 2481, 3851, 3041, 2488, 2111, 3044, 3045, 3032, 3510, 4113, 2999, 3469, 2313, 2129, 4200, 3006, 1956, 3955, 1982, 4054, 2546, 4698, 3743, 1452, 3060, 3052, 5337, 2389, 4347, 3749, 2431, 3619, 4493, 1802, 1468, 2221, 4119, 3184, 3388, 3629, 1562, 2876, 3142, 2471, 4164, 1483, 4162, 2864, 2121, 2896, 4228, 4248, 2792, 4783, 2561, 1746, 2249, 2833, 4085, 2945, 2106, 3146, 3768, 4050, 3339, 1745, 4514, 2884, 4176, 3204, 2944, 3443, 3726, 2979, 3623, 3503, 3613, 2031, 2615, 2168, 3098, 4047, 2870, 2895, 2928, 3174, 2371, 2924, 3528, 4101, 4744]
EVI5	3250.0	[6294, 6281, 5395, 5808, 929, 5867, 3074, 5952, 5078, 2184, 804, 4214, 4197, 745, 1366, 5788, 3829, 3982, 4503, 5899, 3694, 4209, 3299, 5451, 2978, 2905, 1737, 1272, 5569, 2580, 344, 557, 1607, 5949, 3023, 1520, 903, 1231, 2970, 4286, 281, 1940, 2634, 1613, 447, 4309, 1741, 4038, 5441, 4779, 2437, 5945, 6115, 5247, 571, 4614, 1944, 5071, 5723, 2222, 2090, 4922, 3303, 926, 3201, 324, 262, 4257, 5525, 2836, 4736, 2984, 2019, 5370, 3779, 3680, 5776, 6019, 719, 3125, 5822, 3147, 817, 4185, 1175, 6072, 2959, 1002, 2139, 4540, 3156, 5683, 217, 4298, 3954, 561, 3448, 2125, 2664, 4364]
HLA-DPB1	3250.0	[2589, 836, 147, 4107, 5447, 3534, 1063, 2174, 396, 3241, 6227, 6086, 2951, 4013, 5587, 875, 5827, 2947, 4130, 4536, 4412, 3923, 722, 2559, 4869, 3672, 353, 2819, 4349, 4457, 1094, 531, 5080, 1675, 1789, 3385, 2590, 219, 3576, 722, 944, 4989, 1636, 983, 2037, 3272, 2337, 109, 124, 2750, 2414, 2340, 4719, 4933, 1694, 2631, 5578, 1685, 2073, 1494, 4413, 2495, 1181, 5085, 5206, 4728, 522, 1750, 5518, 2548, 3065, 4799, 4610, 3283, 3690, 2285, 4021, 3595, 3651, 3259, 2861, 4470, 5216, 3276, 4799, 4999, 4439, 1119, 1417, 1099, 4303, 5633, 4255, 3024, 5584, 4874, 3765, 3206, 2502, 4912]
HLA-G	3253.5	[3117, 2647, 4918, 1482, 1309, 4458, 4124, 2689, 3204, 4234, 2995, 3237, 3067, 1911, 4280, 1915, 3321, 4825, 4611, 4114, 1297, 1748, 4113, 5400, 703, 5499, 4240, 313, 1411, 4005, 1738, 2842, 5838, 4887, 3073, 3688, 4145, 2146, 2311, 3616, 1479, 1644, 4654, 1250, 4502, 1735, 2600, 3286, 2201, 4800, 2041, 2511, 4467, 3792, 4615, 5042, 761, 3397, 2131, 4451, 1732, 4247, 3172, 573, 4603, 2286, 3536, 2009, 3743, 1280, 3886, 1371, 1341, 1516, 3023, 5514, 5277, 3974, 3383, 4291, 2984, 2746, 3374, 3773, 4113, 862, 2781, 4692, 4376, 1105, 4269, 2920, 2721, 3308, 4735, 5300, 2045, 3270, 1030, 4880]
NTF3	3291.5	[1466, 3851, 2050, 3570, 4365, 4830, 923, 2230, 4134, 2419, 3460, 2988, 2051, 4213, 2069, 493, 4667, 3947, 2424, 2558, 6169, 1738, 4844, 2410, 3725, 1749, 3936, 3495, 3297, 4126, 1100, 3920, 682, 4991, 3059, 4559, 3810, 3618, 3516, 4087, 5838, 4194, 2437, 1827, 1324, 1570, 6312, 5638, 4041, 2079, 3573, 5363, 1579, 2608, 1696, 3037, 3813, 3008, 1750, 3292, 2553, 4412, 3410, 4481, 5290, 921, 4258, 3969, 4241, 4840, 3145, 1607, 1469, 2073, 1678, 6127, 4889, 1064, 4581, 5304, 2962, 1082, 3019, 1341, 4410, 5485, 3469, 4826, 1812, 2220, 5040, 3291, 3390, 2376, 2048, 2841, 1897, 2796, 2008, 2539]
PZP	3297.0	[5580, 2939, 5057, 5852, 1684, 6282, 1597, 6079, 5867, 158, 101, 1739, 249, 1574, 2914, 3986, 1369, 6042, 1520, 1150, 2524, 4878, 2897, 1106, 370, 5800, 5345, 4537, 3258, 1392, 4776, 6053, 5235, 2180, 4687, 2269, 1355, 1476, 3410, 288, 5815, 5689, 5097, 481, 4803, 1785, 3647, 134, 304, 400, 4304, 2414, 282, 4450, 4068, 1485, 2646, 1020, 4231, 6130, 2718, 339, 1231, 3451, 1720, 4943, 2877, 304, 4557, 5241, 5002, 985, 5021, 3336, 2086, 3744, 2755, 3627, 4553, 5452, 2727, 595, 3015, 5809, 4617, 644, 5814, 2881, 5731, 118, 5373, 5368, 446, 4986, 5053, 4474, 4614, 2177, 3735, 5206]
SFRP5	3338.0	[1287, 5122, 2886, 2813, 2434, 3666, 4894, 4166, 3378, 6202, 3566, 557, 1336, 6006, 3364, 4167, 2456, 3847, 1534, 5879, 2730, 3377, 2868, 2434, 639, 3691, 607, 2090, 5775, 4702, 4604, 706, 474, 2702, 3147, 4385, 2544, 586, 3153, 4162, 2232, 2274, 2729, 3782, 790, 3084, 3920, 2736, 4742, 5776, 2127, 1795, 4457, 6212, 1540, 1504, 5561, 2808, 5775, 4545, 5310, 1257, 1614, 3535, 5868, 508, 5202, 5018, 4301, 2453, 1592, 5689, 2119, 1476, 5680, 4601, 3168, 3139, 4777, 4023, 1666, 3312, 1675, 738, 3972, 2303, 2551, 5775, 3491, 2279, 2566, 4857, 5855, 4184, 4995, 4248, 3554, 3708, 2522, 5553]
GPLD1	3398.5	[4441, 3678, 3400, 3929, 5081, 1635, 3609, 2292, 5232, 3735, 3335, 2690, 1702, 3901, 2754, 5451, 3953, 4405, 2183, 3401, 5807, 5668, 3027, 2980, 4185, 3680, 5468, 1162, 1218, 3347, 1871, 3241, 3889, 2710, 3488, 2204, 2825, 4624, 2716, 947, 3090, 3393, 4318, 985, 2688, 3357, 3605, 4131, 4344, 3158, 2910, 2827, 5134, 3871, 4177, 3377, 1010, 3856, 3273, 2022, 2361, 4925, 3147, 4892, 3608, 788, 2716, 5073, 2356, 2044, 5473, 4827, 3705, 4035, 3652, 4421, 4394, 1939, 2809, 1056, 2050, 2390, 3397, 3534, 3775, 4011, 2749, 2062, 3258, 3442, 3289, 5351, 2278, 3838, 1986, 5012, 4272, 4780, 2300, 4817]
COL11A1	3471.0	[4841, 3412, 2014, 2517, 1962, 5492, 4832, 3967, 3045, 3030, 3136, 1985, 4906, 2889, 5047, 2762, 4922, 5117, 4340, 4006, 4625, 5282, 5077, 2488, 3611, 4042, 2592, 2725, 4303, 4756, 4239, 3450, 2992, 3050, 3241, 4943, 3973, 2696, 4411, 4182, 4195, 2121, 1710, 3035, 3748, 2789, 1197, 4484, 2347, 4936, 2217, 4378, 3124, 2518, 1911, 4332, 5211, 5315, 2029, 2816, 2367, 3641, 3382, 3033, 3349, 3112, 3303, 1886, 4749, 2910, 1896, 3415, 2702, 5340, 4753, 1916, 3852, 4797, 3480, 4906, 3163, 3809, 3183, 3640, 2083, 4176, 4261, 2787, 3971, 3462, 4230, 3876, 5348, 1163, 4698, 3937, 5084, 5091, 2240, 3106]
TTYH1	3480.0	[3041, 3757, 4216, 3707, 3982, 3609, 5745, 1703, 1565, 3961, 2164, 4238, 1370, 572, 4622, 4248, 3762, 4007, 2975, 2079, 3891, 3655, 1644, 4250, 1971, 1789, 876, 3071, 1021, 3126, 2221, 2080, 4097, 1743, 316, 2738, 5666, 4050, 4098, 2545, 4067, 3502, 4274, 2728, 3460, 1320, 968, 3913, 5365, 3532, 1915, 4539, 4088, 1998, 1114, 2280, 3753, 4402, 2892, 3045, 4344, 3723, 1480, 5122, 4883, 3673, 3564, 947, 3481, 1380, 3479, 4957, 2702, 1322, 1507, 2157, 3943, 1189, 2862, 4132, 928, 3540, 5352, 3963, 5729, 5124, 2520, 1477, 2240, 2627, 4855, 5202, 1540, 4229, 5801, 677, 5433, 4990, 3018, 1597]
SHBG	3601.5	[974, 1729, 3371, 3605, 4624, 5864, 856, 4587, 1964, 4902, 1618, 5696, 5464, 2046, 1127, 1634, 3388, 3504, 5877, 5116, 3598, 1257, 802, 1714, 3415, 1807, 5226, 3907, 966, 4165, 1338, 2679, 4247, 5733, 4485, 2530, 5738, 2322, 3345, 1456, 3724, 5619, 3051, 4979, 4242, 1280, 2057, 3324, 5356, 3666, 4307, 2773, 1722, 4245, 646, 6129, 5309, 1676, 2851, 5409, 3096, 5244, 4468, 5751, 5853, 3120, 1068, 1290, 5414, 1723, 1596, 1616, 3961, 5851, 3144, 4200, 1686, 3017, 1430, 1307, 5573, 3789, 5801, 5053, 2014, 4542, 4046, 1459, 4896, 5112, 4947, 4912, 2498, 2022, 3922, 5820, 1251, 4121, 4060, 3907]
IGHG3	3610.0	[5663, 5658, 1522, 5795, 4550, 5069, 6286, 4447, 5249, 1984, 4836, 3977, 4594, 5175, 3544, 5523, 2925, 3607, 231, 4237, 2076, 3755, 5584, 4871, 4899, 1978, 3041, 4750, 4430, 5070, 308, 810, 4191, 2060, 5905, 2754, 1998, 1613, 4823, 3172, 4974, 5414, 3694, 4997, 5222, 4984, 5057, 2770, 4621, 3013, 5293, 3169, 4716, 1402, 4646, 3361, 2193, 6005, 4184, 3446, 3277, 3038, 3157, 4136, 4909, 3062, 3613, 2717, 2139, 1267, 4230, 117, 3511, 3632, 1038, 4653, 6137, 2596, 3978, 2819, 1488, 2077, 1290, 959, 1406, 5014, 4109, 3409, 894, 4335, 1216, 683, 1379, 3549, 5694, 3508, 2373, 3193, 327, 6135]
KCNAB1	3618.0	[2974, 1778, 1649, 2035, 2533, 4759, 3217, 2241, 5639, 4801, 4893, 5362, 2864, 5410, 4511, 4371, 5586, 2062, 2748, 4443, 3746, 1654, 2077, 3209, 4700, 5403, 1055, 4373, 2218, 3010, 4403, 2151, 4243, 1802, 3017, 4533, 5988, 3202, 2257, 2558, 4343, 3628, 2326, 3706, 3206, 2738, 2803, 3867, 5609, 4037, 1871, 3608, 5865, 4395, 2991, 5730, 3671, 4401, 5443, 3169, 2141, 3639, 2704, 5757, 2735, 2419, 3893, 1573, 1988, 3800, 3273, 5281, 4032, 3271, 3086, 1815, 4562, 4376, 4226, 5313, 3862, 4038, 1645, 1220, 3495, 2541, 5629, 2586, 1875, 4570, 5149, 2452, 4975, 4004, 5075, 3573, 5535, 2571, 4576, 2036]
KCNJ1	3644.0	[520, 5447, 5126, 5897, 5849, 5533, 2535, 3268, 2684, 3219, 4360, 2408, 3089, 3902, 1457, 5529, 2717, 2770, 4559, 250, 6113, 5241, 2032, 1710, 3289, 5345, 4898, 3735, 5241, 6265, 5603, 5995, 5731, 5416, 4878, 5244, 3907, 5895, 526, 2722, 612, 3211, 5524, 4354, 3337, 2761, 4385, 3214, 3248, 4949, 6167, 3374, 3796, 2468, 4603, 1975, 1722, 2501, 2667, 4644, 713, 5616, 1639, 1632, 4223, 3786, 975, 1000, 658, 5864, 2755, 3200, 3483, 5972, 2011, 5205, 5472, 1531, 1109, 1996, 5878, 3305, 2816, 2929, 1872, 3628, 1826, 4837, 1745, 6273, 5902, 4815, 5457, 3660, 2432, 2985, 5244, 4492, 5319, 4678]
PSG9	3674.0	[2470, 3009, 4116, 2012, 3340, 1565, 4844, 2910, 4137, 5413, 2533, 3551, 1127, 2723, 3089, 1953, 4878, 3057, 4564, 3809, 2383, 4338, 4632, 4490, 5953, 1369, 3484, 4620, 2210, 1911, 5094, 3675, 2393, 4200, 4361, 5033, 3617, 1817, 3766, 4087, 1519, 3410, 3596, 4745, 2915, 3093, 5781, 969, 1188, 5281, 3046, 3387, 4323, 2151, 5204, 4585, 3239, 3610, 3069, 5422, 2587, 1787, 3673, 3875, 2894, 4115, 4531, 4462, 1578, 3486, 2117, 4969, 2155, 4968, 3805, 3692, 1126, 1051, 5198, 2241, 4669, 4732, 2498, 5460, 2393, 4190, 3759, 3685, 4841, 6056, 4906, 4836, 4062, 5174, 1428, 3711, 4531, 4940, 3605, 2062]
S100A8	3688.5	[4912, 2095, 4712, 2899, 2502, 4492, 2986, 3079, 3817, 5304, 4271, 3058, 3638, 4330, 4242, 4328, 3843, 2223, 3894, 3945, 3022, 5142, 3505, 1737, 3422, 4315, 4261, 3990, 3622, 4756, 3683, 4982, 3090, 4623, 3281, 1903, 4586, 4016, 4107, 1144, 3792, 5615, 2858, 3540, 1984, 1741, 3515, 1973, 5672, 1947, 5682, 2775, 4664, 1138, 4464, 3224, 3895, 5050, 4515, 2850, 4564, 3596, 3664, 4624, 2954, 2955, 1879, 3629, 836, 4782, 2451, 3127, 3837, 4607, 3151, 3976, 3731, 2573, 4822, 3594, 3721, 2863, 1087, 4269, 3267, 4942, 3500, 3332, 3587, 1307, 5170, 3966, 3876, 4051, 3694, 1389, 3863, 4954, 4993, 622]
MYB	3745.5	[3222, 3708, 2834, 3754, 4179, 3527, 4317, 3963, 4214, 4382, 3419, 4422, 3978, 3333, 3751, 3384, 3437, 3563, 4176, 3963, 3116, 3377, 3496, 4341, 3766, 4662, 3490, 3812, 4008, 3150, 2946, 4732, 3147, 4311, 4165, 2484, 4331, 3431, 3668, 3471, 3591, 4535, 2957, 3539, 2941, 3077, 3863, 4077, 3847, 4266, 2249, 3580, 4793, 3045, 3843, 4025, 4191, 3956, 2171, 2969, 3311, 3755, 4854, 3799, 3974, 3699, 3848, 3019, 3464, 3686, 3674, 2968, 3850, 3464, 3854, 3832, 4447, 4468, 1417, 3743, 4347, 2835, 4371, 2655, 3748, 4765, 3270, 4559, 2557, 2714, 3573, 3410, 4156, 3282, 4400, 3911, 1913, 4122, 4508, 3260]
CTAG2	3746.0	[3599, 3412, 5965, 5013, 4594, 1319, 5664, 2955, 4358, 5357, 2490, 4282, 3494, 4536, 5177, 5877, 2261, 5628, 4484, 3622, 5467, 4284, 2800, 3327, 3099, 1478, 4266, 1631, 3336, 4726, 3886, 4145, 2844, 5229, 3473, 4681, 3090, 3611, 5165, 3213, 4969, 2803, 2950, 4050, 3789, 5113, 2911, 4334, 5281, 1336, 2554, 2271, 4521, 3315, 5076, 3897, 1643, 2513, 3275, 4309, 3658, 1108, 3991, 3800, 6104, 4223, 1492, 1584, 3703, 3356, 5136, 3139, 4559, 5470, 3056, 5502, 4462, 5098, 5183, 2233, 4611, 5446, 3240, 2738, 4375, 1804, 2399, 3382, 4880, 3452, 4980, 4387, 1473, 4744, 1168, 3105, 1414, 2573, 2546, 6153]
TFF3	3752.0	[2854, 3723, 5199, 3285, 5072, 3158, 4383, 3367, 3411, 4319, 2707, 5479, 3336, 4556, 4850, 1669, 4105, 3383, 4503, 3017, 2814, 3418, 509, 3781, 3797, 3879, 4959, 4115, 3251, 3713, 4075, 2549, 3246, 1523, 4337, 2406, 4301, 3671, 3877, 4918, 2501, 3463, 3381, 4292, 4267, 3866, 4026, 3672, 4687, 5297, 4370, 3074, 2733, 3265, 3142, 2466, 4553, 3883, 5022, 3085, 5432, 2825, 1721, 5820, 2949, 2608, 4873, 4134, 5296, 3563, 3246, 2813, 2915, 2789, 4109, 5174, 2176, 4761, 4981, 3884, 5158, 2228, 5577, 2524, 5257, 2001, 2910, 2180, 5158, 3259, 4362, 3600, 4239, 4289, 4689, 1348, 5670, 3841, 3841, 3086]
IFI27	3792.0	[2987, 4241, 3845, 4715, 3924, 3890, 4468, 4237, 3708, 3222, 5482, 2384, 2923, 2540, 3326, 4046, 4448, 5445, 3070, 2789, 5569, 2934, 2473, 3960, 5690, 2773, 2160, 4317, 3954, 4396, 4119, 5025, 2200, 3205, 4685, 3300, 3935, 4817, 4442, 4540, 3970, 3839, 4095, 2422, 3728, 2754, 4222, 4022, 4736, 4451, 3505, 5150, 3801, 3617, 3496, 3170, 3099, 4769, 4522, 4330, 3554, 4358, 3751, 4773, 1923, 3206, 5042, 2788, 4003, 3783, 3262, 1947, 4649, 3458, 4145, 4865, 2980, 3167, 3157, 2223, 5323, 2907, 3287, 2876, 5201, 4926, 4970, 2718, 1959, 3239, 3454, 2651, 3263, 3042, 3756, 4898, 3930, 4160, 3614, 3188]
RAB11A	3833.5	[1535, 1004, 2937, 4024, 4211, 5231, 4744, 3535, 4750, 1586, 3371, 2167, 1917, 2843, 4153, 1374, 2703, 3256, 5453, 4380, 3897, 1229, 4722, 4277, 3801, 4394, 3386, 1919, 5338, 5073, 4390, 5033, 4985, 4414, 4976, 5158, 4217, 4035, 4043, 4896, 771, 695, 2885, 4776, 668, 4146, 4590, 3984, 2921, 5302, 3875, 3537, 5333, 1554, 4349, 4137, 5493, 3626, 4779, 3253, 5567, 3557, 4067, 3776, 4007, 931, 581, 4206, 4635, 2686, 4615, 1522, 4217, 4761, 3050, 2009, 2683, 2220, 1446, 3667, 4611, 5261, 2532, 3244, 2595, 1535, 3866, 4111, 2594, 2589, 2888, 1519, 5934, 4716, 1068, 3122, 5772, 960, 2996, 3401]
SLC1A1	3871.5	[3892, 4352, 4584, 3305, 2322, 4493, 4963, 2472, 2819, 3965, 3472, 4117, 4303, 4660, 3050, 3446, 3711, 3587, 2893, 5595, 2428, 2901, 3691, 3773, 4766, 3375, 3540, 4289, 2748, 5124, 2203, 3486, 3615, 4051, 3951, 1486, 4977, 2839, 5091, 4349, 4257, 3862, 2227, 3274, 2319, 4305, 2191, 2447, 3420, 4316, 2724, 3644, 4622, 4801, 2219, 4146, 4786, 4103, 3284, 4035, 3997, 1753, 3062, 5286, 4068, 2733, 4760, 1935, 5079, 2548, 4115, 4826, 3755, 4273, 3504, 3616, 4027, 3888, 4100, 2635, 3812, 3881, 4119, 4019, 4467, 3698, 2728, 4664, 3300, 4021, 4327, 2545, 4366, 4573, 4124, 2163, 3504, 4211, 4152, 1034]
PIP	3876.5	[2411, 506, 2459, 982, 4473, 4852, 2697, 5011, 948, 4826, 5888, 1072, 5493, 5160, 4272, 4712, 4303, 5663, 5289, 4651, 4366, 3770, 2267, 1458, 2315, 5158, 1441, 5259, 4736, 4296, 3812, 2238, 4616, 1923, 5586, 3782, 1497, 290, 3884, 3961, 2886, 3930, 2799, 1954, 4479, 4390, 1566, 2208, 4208, 988, 3844, 1600, 4746, 5329, 4600, 2166, 5891, 975, 3885, 4987, 253, 669, 1112, 1346, 2077, 5132, 1853, 5366, 1579, 4494, 5470, 1742, 4293, 2271, 1552, 3893, 5536, 3869, 5647, 5232, 668, 1585, 5017, 3094, 5245, 5745, 2766, 4980, 5343, 3160, 3361, 2157, 200, 5678, 4904, 859, 3998, 3633, 2921, 5525]
S100A9	3924.5	[4726, 3493, 4211, 5292, 4225, 4170, 4664, 3441, 5087, 2939, 3942, 5043, 3808, 2654, 3280, 3339, 4787, 5035, 4462, 3806, 3300, 3296, 4145, 4093, 2840, 4127, 3867, 2662, 5207, 4961, 2941, 3559, 3399, 2434, 4235, 4870, 3615, 3958, 5072, 2554, 2637, 3389, 2439, 3414, 4231, 4553, 4464, 3607, 3886, 5095, 3907, 3041, 3392, 4203, 4909, 2944, 3791, 4657, 3444, 4390, 3536, 3256, 3188, 5019, 4845, 4548, 4455, 2399, 3673, 4840, 4618, 4474, 4511, 4457, 3055, 3886, 4956, 2496, 3859, 3026, 4537, 4526, 3662, 4014, 2427, 4260, 3296, 5985, 5624, 3457, 1860, 2659, 3354, 3997, 2169, 4627, 5021, 2543, 3947, 4405]
ZNF124	3982.0	[2906, 4137, 5502, 593, 2634, 1233, 2936, 4086, 5240, 6158, 5023, 1287, 598, 6100, 552, 1323, 5207, 2510, 4921, 1161, 6281, 741, 5571, 6348, 2891, 1558, 5717, 3878, 6226, 5860, 2509, 1986, 6188, 2958, 2729, 2454, 2554, 1339, 5814, 5893, 6202, 6276, 2562, 5620, 6302, 3073, 5352, 4415, 6143, 5844, 1471, 1039, 4109, 682, 5410, 1952, 6265, 5658, 3798, 4959, 3685, 6259, 175, 4488, 1837, 6078, 962, 440, 1556, 2866, 3461, 409, 5687, 1520, 6194, 986, 222, 915, 2623, 4628, 5757, 1124, 2221, 4173, 978, 6240, 4324, 614, 5869, 838, 5178, 1024, 6241, 6254, 4978, 4857, 1115, 5928, 6084, 4787]
GLP2R	4031.0	[2116, 5972, 2605, 4210, 6357, 4903, 1080, 4046, 3548, 1622, 1458, 5502, 4206, 6098, 3375, 1571, 5327, 1146, 3957, 3210, 727, 1556, 5215, 5992, 5336, 3688, 324, 5333, 3418, 4150, 5645, 4828, 2971, 5378, 4209, 235, 4975, 2620, 1948, 2938, 1189, 4016, 5885, 2676, 4519, 1888, 2598, 5245, 1688, 4971, 5127, 2603, 3494, 5228, 3367, 5521, 3460, 2277, 4556, 4154, 2166, 2665, 4112, 5823, 5228, 6242, 2767, 5004, 1062, 6132, 4842, 5844, 98, 3058, 2164, 5290, 1556, 3760, 6037, 4121, 4332, 2290, 6038, 2013, 5686, 4687, 1480, 5882, 2093, 2177, 1574, 5081, 133, 5735, 5902, 1267, 4170, 3921, 5574, 4777]
AMPD2	4125.0	[4515, 1779, 5905, 3182, 3920, 1788, 829, 2157, 5793, 1594, 3686, 5936, 6253, 6009, 1712, 1476, 4029, 1992, 5247, 1422, 2113, 2043, 3625, 1890, 3276, 4368, 2713, 4252, 843, 3475, 6062, 5558, 2291, 5340, 4905, 5098, 3332, 3411, 6215, 5495, 2567, 5666, 5290, 5095, 4529, 4661, 5954, 2607, 3818, 3191, 4093, 1177, 4449, 5470, 441, 4964, 4958, 5269, 4357, 4007, 3862, 278, 4548, 4408, 4757, 5079, 5986, 6011, 4157, 4610, 5298, 4614, 5184, 3899, 3603, 5820, 5259, 5733, 6347, 2394, 5874, 2886, 3355, 4734, 1459, 4745, 3293, 2635, 905, 2980, 2881, 5011, 3698, 3382, 3546, 1861, 3425, 5499, 4796, 4746]
BCL7B	4339.5	[5778, 4396, 3022, 4179, 3986, 5548, 3261, 3802, 1048, 5043, 2834, 4132, 2139, 1065, 3445, 5063, 4880, 6087, 464, 5745, 3926, 3821, 5541, 948, 1886, 2388, 2641, 4326, 3980, 4849, 6059, 6141, 5133, 3975, 2812, 5476, 5197, 3069, 3043, 5975, 5227, 5604, 5046, 2616, 4926, 5244, 5881, 1698, 3614, 4229, 5458, 2335, 4353, 6201, 4159, 4393, 5839, 4946, 3573, 2836, 4074, 3169, 2536, 6065, 4241, 4380, 5270, 5823, 1759, 3907, 4870, 3061, 5288, 4676, 3951, 3911, 5920, 6019, 4695, 3445, 5946, 5424, 5713, 4732, 1864, 4135, 6053, 5782, 5621, 4554, 4320, 2711, 3629, 3549, 2450, 2390, 4745, 5920, 5455, 5599]
C4A	4343.0	[4240, 6127, 5362, 4197, 5443, 4345, 4890, 1019, 3557, 2888, 4670, 5868, 5102, 3658, 5484, 2838, 4193, 4793, 4617, 4574, 3348, 3389, 3955, 5434, 2936, 3891, 2228, 6104, 5839, 1389, 4545, 5178, 5156, 2738, 3974, 4598, 1832, 907, 2896, 5930, 1626, 5905, 5984, 4489, 5317, 5944, 1376, 2470, 3791, 6391, 2358, 1760, 6053, 5639, 4285, 2113, 4789, 3437, 2076, 1776, 3455, 3955, 5045, 4457, 4650, 4341, 5876, 2030, 5573, 2177, 6101, 1438, 4491, 4492, 5150, 3544, 5440, 3587, 5658, 4979, 5688, 2814, 4576, 6040, 3864, 3864, 4062, 4319, 4419, 5787, 2725, 3044, 1685, 5365, 4194, 730, 3498, 5041, 5147, 5165]
LRPAP1	4382.0	[3600, 5053, 4436, 4327, 5272, 574, 3807, 3272, 3618, 5707, 5680, 4345, 4635, 5314, 2729, 5809, 5132, 4441, 5661, 4709, 5100, 4672, 4676, 4704, 4006, 4491, 1044, 3853, 4227, 4323, 3404, 4185, 1441, 4403, 4372, 1343, 5222, 3186, 4134, 4550, 2406, 3686, 5826, 4190, 1732, 3768, 5092, 4614, 2653, 4047, 3122, 5630, 4767, 5187, 5886, 840, 2723, 2636, 3940, 3305, 5234, 5387, 4762, 1680, 3240, 4618, 3993, 5283, 4606, 1732, 5753, 3358, 4764, 4405, 5236, 1728, 3186, 5294, 4108, 1709, 4600, 4392, 4216, 4907, 4685, 5117, 3211, 4245, 4562, 5122, 4745, 5433, 5084, 4558, 2877, 4868, 2582, 2404, 4192, 3733]
SLC26A6	4473.5	[3499, 5306, 5170, 3390, 1100, 333, 4520, 866, 4489, 4422, 5559, 3935, 5513, 4241, 5809, 4413, 3881, 5162, 2248, 5593, 2958, 6177, 1810, 2855, 2869, 4164, 6223, 5207, 4839, 1913, 4196, 5528, 1234, 6252, 1522, 5792, 1078, 4378, 5815, 5314, 5993, 4228, 5093, 5227, 2194, 4921, 1725, 4032, 5666, 3995, 2230, 6080, 4458, 4333, 5686, 5854, 4700, 5622, 4385, 4450, 5968, 3419, 3650, 6283, 5249, 4112, 5030, 3988, 3120, 5389, 1595, 5784, 5564, 3111, 5252, 4427, 762, 4493, 5942, 3322, 5773, 4897, 6045, 2307, 4071, 5671, 6142, 3278, 3377, 6264, 2731, 2938, 466, 3045, 4843, 4793, 4680, 5258, 5489, 5864]
CHGB	4502.0	[4708, 5738, 5232, 4866, 3954, 5103, 5108, 4821, 5021, 4398, 5335, 4737, 2729, 3982, 4276, 4656, 4861, 5844, 5236, 1705, 5193, 4014, 3241, 4202, 4835, 5157, 6382, 5727, 5201, 4296, 2881, 3859, 4939, 5796, 5484, 3383, 3313, 3314, 3387, 2331, 4489, 4727, 5122, 5361, 3514, 4888, 3315, 4914, 4813, 5741, 4515, 4693, 4155, 3163, 2027, 4827, 4831, 2269, 4959, 5263, 5361, 4145, 4557, 3524, 5513, 4630, 4901, 4546, 3614, 4171, 3975, 4026, 5411, 2646, 3567, 3985, 4024, 3016, 4880, 3585, 3102, 4660, 3407, 3817, 4095, 4789, 4362, 3979, 4433, 4375, 4647, 4806, 3990, 4143, 3467, 4100, 6086, 3659, 3827, 5399]
NOVA1	4531.0	[4155, 4078, 5057, 5478, 5301, 4131, 5535, 3266, 5704, 5279, 4305, 4618, 5629, 2285, 4855, 5150, 5068, 4364, 3967, 5087, 4134, 5395, 3667, 5185, 4833, 4250, 2739, 1719, 5535, 2163, 4386, 2882, 4647, 5278, 2814, 6030, 5828, 4718, 3672, 5054, 4490, 1469, 4370, 5023, 2381, 5814, 6261, 5833, 4334, 5439, 3789, 2754, 5307, 5064, 2262, 4355, 3700, 3512, 4132, 3079, 6166, 5494, 5306, 1793, 5353, 4459, 4091, 5325, 5516, 5000, 4558, 1510, 5331, 5660, 5412, 4970, 5998, 5457, 3007, 5788, 3928, 4050, 5530, 3872, 4102, 4070, 4338, 3982, 4504, 912, 5572, 3661, 5652, 3069, 5035, 3240, 5061, 5307, 3696, 1975]
KCNMB3	4552.5	[5360, 4798, 4652, 3394, 2256, 4472, 5649, 4929, 3769, 3043, 3497, 4843, 6049, 3614, 4474, 4560, 1121, 3001, 3351, 5640, 1314, 5451, 5691, 4991, 4840, 4888, 5637, 4958, 2309, 1230, 2215, 4194, 4806, 4729, 5118, 4366, 6177, 5601, 4305, 4903, 1970, 4718, 4921, 4336, 6029, 5339, 5214, 3148, 4527, 4532, 5656, 1637, 2521, 4713, 4220, 1436, 5769, 3449, 5618, 5700, 5516, 4350, 4530, 4237, 4202, 5193, 3470, 4545, 5601, 5387, 5103, 1910, 3194, 5273, 4937, 2428, 3749, 5548, 5572, 2625, 5173, 3237, 5842, 4650, 4450, 3281, 4933, 4984, 615, 3430, 3766, 1945, 2038, 3888, 5507, 5303, 4768, 968, 5575, 3535]
MYO5A	4680.0	[2438, 5785, 3764, 3875, 5803, 6108, 5672, 5977, 4695, 6224, 5230, 4188, 5122, 4436, 5531, 4631, 6028, 6279, 5555, 5520, 5338, 3773, 4580, 3108, 1860, 5275, 2839, 4840, 6067, 5130, 6055, 2848, 5057, 4665, 6124, 4624, 3298, 3643, 3950, 3497, 5234, 5546, 5206, 4805, 4341, 6124, 3224, 5007, 4013, 3147, 5631, 2525, 4316, 6216, 4288, 5886, 4925, 4600, 4070, 4848, 5695, 5209, 3629, 6079, 5492, 5145, 6195, 3914, 5832, 2235, 4900, 4475, 3475, 2787, 4766, 3760, 4536, 4238, 1540, 3284, 3819, 3273, 2761, 3312, 5727, 5192, 4654, 5843, 3048, 5416, 2874, 5491, 5003, 3958, 2929, 4330, 2990, 4613, 5951, 4732]
GSTT1	4763.0	[4773, 4039, 3628, 5539, 4907, 4852, 5334, 4848, 4593, 4848, 5652, 4287, 4368, 5049, 5533, 4721, 4033, 5094, 5203, 4542, 4511, 4252, 5275, 5313, 4756, 4624, 4343, 5463, 5779, 4639, 5454, 5352, 4561, 5031, 5150, 4889, 4405, 5434, 4598, 4720, 4519, 5093, 5391, 2619, 3366, 4899, 5004, 4879, 5442, 4892, 5232, 4460, 5418, 4805, 4856, 3689, 5520, 4315, 5290, 4350, 5445, 4688, 3767, 4658, 4883, 4827, 4005, 4312, 5618, 3475, 5091, 4730, 4202, 4760, 4651, 3035, 4617, 3626, 4906, 4518, 2974, 5034, 4756, 4534, 5363, 3705, 4154, 3240, 4735, 4725, 4043, 4766, 5328, 4806, 4462, 4143, 4978, 5758, 5079, 4979]
SIX1	4873.0	[5837, 3231, 4729, 4975, 3457, 5248, 5859, 4274, 2227, 5403, 5508, 5922, 5636, 4573, 2711, 5824, 3178, 6247, 2336, 829, 3657, 4393, 4467, 2430, 5341, 2667, 2826, 5576, 3919, 4014, 1828, 4537, 5515, 4685, 5533, 5152, 3295, 4007, 3672, 4748, 4684, 5642, 1368, 5576, 2674, 3723, 3974, 2771, 2619, 5057, 5345, 3673, 5636, 5237, 5047, 5415, 5528, 3538, 4836, 4910, 6294, 5617, 4726, 2933, 4618, 5327, 4241, 2064, 4955, 5560, 3026, 5568, 6103, 5773, 5767, 3904, 5478, 3096, 4294, 5246, 4031, 6108, 6100, 6238, 5486, 6239, 4294, 5394, 5428, 6284, 5619, 5042, 5967, 4346, 5901, 5199, 2813, 3802, 2395, 6089]
MYO5B	4898.0	[3904, 4989, 5820, 4184, 5391, 5448, 4404, 4612, 3904, 5680, 4865, 4002, 3148, 3010, 4595, 5283, 4978, 5474, 3832, 4694, 4654, 3397, 4941, 5249, 4995, 4415, 2702, 4023, 4020, 4120, 4885, 5111, 5496, 4417, 4251, 3847, 5240, 4001, 4885, 4981, 5188, 3908, 3803, 5599, 5867, 5222, 4370, 4708, 4802, 3961, 5343, 4476, 4878, 4134, 4323, 5154, 5073, 5518, 5344, 5255, 4239, 5340, 4570, 4362, 4950, 5251, 5039, 5585, 5291, 5005, 5872, 4495, 4911, 4297, 5119, 5583, 5055, 5595, 5078, 4719, 4710, 3492, 5610, 4880, 4727, 3893, 5326, 5516, 5436, 4996, 4252, 3826, 5621, 4793, 5042, 5300, 5036, 3596, 5027, 5669]
ERBB2	4985.5	[5049, 4895, 4130, 4265, 4750, 4098, 5176, 4661, 2777, 5195, 5382, 4121, 4752, 4523, 5161, 5512, 4601, 5320, 4160, 4848, 4958, 5358, 5341, 5072, 5514, 4925, 4596, 5327, 5169, 5336, 5033, 5236, 4638, 5207, 5041, 4374, 5124, 4869, 5119, 5384, 5159, 5241, 2720, 5080, 5610, 3769, 4261, 4793, 4424, 4425, 4662, 4664, 5016, 4874, 5294, 5166, 4994, 4340, 4963, 5354, 5163, 5192, 5189, 5352, 5626, 4447, 5030, 4817, 4535, 4888, 4381, 4546, 2550, 5397, 5578, 4883, 5112, 5355, 3851, 4362, 4977, 3878, 4624, 4729, 5384, 5348, 5638, 5087, 4864, 4676, 5206, 5387, 5312, 4879, 3575, 4900, 4921, 5199, 5485, 5437]
LCP1	4988.5	[5104, 2790, 4458, 6030, 4517, 4973, 4283, 5726, 5433, 4298, 4632, 4563, 2772, 4762, 4211, 5625, 5922, 4506, 2722, 4740, 3648, 5707, 5004, 5055, 6058, 4845, 5134, 4128, 5202, 4030, 6042, 5883, 4500, 5113, 3569, 4265, 5542, 5585, 2842, 4963, 3173, 5252, 3234, 3412, 3518, 5085, 4801, 6020, 5252, 4277, 4911, 5588, 4204, 3723, 5230, 3863, 5068, 4206, 4646, 5782, 5549, 5609, 4409, 5556, 3889, 6122, 5834, 3264, 4184, 5741, 5062, 5238, 5937, 5024, 5441, 4571, 3801, 4029, 5027, 3959, 5393, 4509, 5980, 5581, 5137, 3301, 5842, 3747, 5690, 4441, 5711, 5933, 5610, 5338, 5920, 2317, 5710, 3619, 4253, 5530]
NPY1R	5031.5	[5029, 5707, 4811, 5145, 5308, 4856, 5253, 4792, 6023, 4587, 4998, 5199, 5091, 4247, 5212, 5274, 5891, 4484, 3547, 5079, 5067, 4866, 5831, 5547, 4550, 4632, 5385, 4542, 5721, 5410, 5872, 5365, 5361, 5147, 4353, 5761, 5631, 2710, 4976, 5602, 5002, 2519, 3638, 5770, 4811, 5613, 3512, 5034, 4439, 5562, 3005, 4493, 5629, 3703, 5157, 5511, 4098, 5335, 4644, 3717, 3236, 5235, 5907, 3535, 5324, 5618, 5161, 5572, 3142, 4569, 5652, 2959, 3807, 4800, 4877, 4894, 5665, 5308, 3532, 4307, 3917, 3187, 5703, 5120, 4221, 5125, 5020, 4859, 4914, 4840, 5286, 5018, 4672, 5303, 5174, 5248, 4994, 4239, 5509, 5116]
ZNF214	5074.0	[4746, 1409, 2632, 566, 3241, 3723, 1526, 4778, 5023, 5029, 5415, 6375, 3892, 6355, 6311, 5052, 6054, 5096, 6289, 6431, 6022, 6384, 2739, 2411, 4904, 4396, 5751, 6333, 4905, 5911, 5739, 4597, 1002, 5229, 3525, 5907, 5292, 4975, 5675, 3995, 472, 6020, 6380, 3777, 1568, 4309, 5279, 6358, 6096, 614, 6101, 5503, 6352, 1496, 4646, 6241, 5886, 5164, 4995, 4211, 6295, 6388, 6409, 2223, 6198, 6272, 5107, 6427, 5768, 6319, 6128, 5136, 5787, 4622, 4950, 2868, 2399, 820, 2147, 2870, 5332, 5926, 80, 3107, 6120, 4563, 1837, 4866, 1740, 1383, 2914, 3264, 1659, 3995, 5580, 5973, 6138, 5217, 5926, 6420]
IDH3G	5170.0	[4139, 4344, 5821, 3833, 5511, 5891, 5776, 5261, 3920, 4858, 5123, 4322, 6042, 5699, 5422, 4658, 3355, 6114, 2497, 5358, 6186, 5496, 4593, 5331, 4961, 5086, 5511, 4003, 6156, 4917, 5042, 6191, 3981, 5361, 6209, 2797, 6093, 5804, 4797, 5891, 5756, 4718, 4260, 5600, 5020, 4952, 4304, 4873, 5276, 2349, 5217, 5999, 4593, 4625, 5464, 5556, 3279, 5616, 5827, 5117, 5536, 5476, 5469, 4934, 4957, 5438, 6045, 5654, 760, 4375, 5410, 3845, 3669, 4845, 5886, 6095, 6217, 3126, 6260, 4275, 6241, 4689, 4814, 2718, 6217, 4222, 1838, 5683, 3549, 5964, 6093, 4097, 5585, 5773, 5752, 3761, 2994, 4618, 6024, 1569]
SUPT6H	5208.5	[5397, 5216, 4618, 5689, 5188, 4620, 5380, 5843, 5800, 4986, 4970, 4669, 4947, 5631, 5753, 5293, 5362, 5495, 4750, 3989, 5752, 1490, 6011, 6235, 5443, 5614, 5201, 5468, 4978, 4820, 5580, 5076, 5479, 6107, 5694, 2891, 5972, 5828, 5151, 4186, 4051, 6245, 4155, 5228, 6013, 4528, 2283, 4848, 5586, 5113, 6061, 4853, 5686, 5890, 2468, 3132, 4190, 6091, 5567, 5990, 4895, 5710, 5955, 4486, 2957, 4330, 5690, 3494, 6059, 5983, 4251, 4446, 5173, 4362, 3509, 5955, 2256, 5188, 5857, 5096, 5511, 5319, 4885, 4378, 5828, 3694, 3793, 5704, 2872, 5217, 4852, 2795, 5172, 4671, 4742, 5782, 6004, 5820, 5771, 5821]
CHRNB3	5384.5	[6175, 5817, 6271, 5493, 1223, 4680, 4574, 5537, 3309, 6394, 5965, 4574, 6374, 5373, 4820, 5971, 249, 2919, 6064, 875, 4740, 1129, 3511, 2214, 6255, 5987, 5935, 6150, 5379, 6025, 6230, 1656, 6224, 664, 4753, 2643, 3629, 5960, 2065, 2007, 5780, 5807, 5548, 6110, 901, 4873, 2471, 5933, 4738, 3953, 6375, 6287, 893, 6237, 5736, 3331, 5305, 5919, 4700, 3169, 6051, 3924, 6369, 4785, 6042, 6154, 4557, 1025, 5906, 5577, 1209, 6136, 5574, 6096, 5929, 6319, 6186, 1192, 5958, 4224, 1314, 3788, 4010, 4653, 3677, 2452, 6190, 3198, 5280, 6352, 4840, 5390, 5916, 6338, 6377, 3429, 5642, 5693, 6166, 4623]
OR2S2	5508.0	[4780, 5848, 5843, 3776, 6067, 3243, 5251, 5476, 5094, 6173, 4746, 4211, 6369, 4714, 6169, 6178, 5439, 4944, 2798, 5415, 5066, 4208, 185, 3396, 6326, 5894, 5643, 3556, 2313, 339, 6286, 5510, 5647, 2933, 4438, 5522, 2968, 4948, 6150, 5017, 1479, 816, 5606, 441, 6281, 5798, 6432, 2811, 6214, 3350, 5629, 890, 6323, 6354, 5992, 773, 5893, 823, 5869, 6222, 6183, 6281, 5223, 2867, 5832, 4554, 4419, 5510, 5526, 6015, 5316, 6183, 6174, 6275, 3834, 1086, 6353, 4128, 5190, 6358, 1485, 5702, 6271, 6254, 6044, 5828, 6272, 1125, 5366, 5955, 6387, 5308, 5676, 6325, 1356, 5834, 4552, 4739, 6344, 5506]
REC8	5567.5	[5087, 6070, 6180, 6215, 5184, 5607, 5816, 3137, 6066, 6413, 5885, 4626, 5026, 2717, 5816, 5549, 5999, 4588, 5630, 4382, 5067, 6220, 5230, 3634, 2951, 6067, 6144, 5428, 2506, 4640, 5530, 5776, 4312, 6073, 6143, 3390, 5520, 5714, 3196, 3097, 6233, 5784, 5385, 5157, 5146, 4192, 5813, 3137, 6197, 6123, 5734, 4561, 1889, 5460, 5652, 6078, 6110, 5043, 5411, 6325, 5752, 4701, 4018, 5997, 6198, 5837, 6223, 6181, 6092, 6057, 5941, 6042, 5647, 4136, 5276, 5482, 5319, 1153, 4665, 1395, 5664, 5322, 5558, 5335, 6159, 3242, 5985, 5971, 6120, 5890, 5905, 4284, 5577, 6097, 5854, 4417, 6301, 4789, 5497, 4300]
GPR12	5592.5	[4645, 4772, 5895, 4568, 3072, 5436, 2775, 6060, 3297, 4888, 4962, 6167, 5622, 5911, 6084, 6090, 4358, 5629, 5970, 5887, 5944, 6028, 5278, 2355, 3988, 5662, 5527, 4912, 4626, 5745, 2491, 5220, 2847, 4815, 3443, 6149, 5920, 5947, 5536, 4649, 6102, 2378, 5496, 6232, 4857, 4337, 3659, 5723, 6173, 5563, 2236, 5562, 6074, 5208, 5829, 5048, 5732, 5370, 4019, 5328, 6035, 6039, 5547, 6072, 2917, 6227, 5740, 5700, 5931, 6224, 5378, 5882, 5802, 5010, 6010, 5770, 6295, 5978, 4988, 1268, 5937, 5924, 6089, 5970, 6000, 5867, 2453, 4753, 5056, 5466, 5836, 3232, 5381, 6207, 6199, 4829, 6022, 5471, 6094, 6168]
CPB1	5658.0	[5204, 5367, 6226, 5607, 5370, 5796, 5148, 6145, 6115, 6294, 5065, 5561, 6249, 4967, 4773, 5613, 6390, 6056, 4463, 5801, 6089, 4938, 3304, 6321, 5894, 5757, 3282, 5910, 5645, 4646, 5740, 5811, 5005, 5609, 5929, 6280, 5813, 5658, 5592, 3854, 6141, 6012, 5674, 5520, 5710, 6359, 3088, 6348, 5521, 6285, 5525, 5165, 4508, 5990, 6037, 6274, 4608, 4041, 6042, 5747, 5554, 6227, 6266, 5798, 3787, 6377, 6097, 2402, 5946, 3876, 3876, 5180, 5658, 3146, 6167, 3389, 5738, 5727, 2490, 5650, 6350, 3110, 5933, 5515, 5768, 4093, 6335, 5640, 5178, 3272, 5016, 6362, 6275, 4005, 5271, 5276, 5591, 5940, 6071, 5845]
SST	5788.0	[5764, 5911, 6019, 5797, 6182, 5668, 5840, 5844, 4902, 5918, 5847, 6283, 5766, 4951, 6211, 6049, 5932, 5658, 6023, 5389, 5969, 5511, 6038, 5509, 5803, 5861, 6044, 6048, 3710, 5936, 5788, 5053, 5718, 5915, 5643, 4964, 5355, 5796, 5821, 5741, 5874, 5223, 6089, 5818, 5695, 5619, 6176, 5935, 6169, 5422, 5792, 5364, 4505, 6132, 5090, 5332, 4684, 5673, 5382, 4449, 4819, 5533, 6190, 5089, 5618, 6043, 5618, 5957, 4726, 5510, 5646, 5982, 5506, 4820, 5901, 4738, 5634, 4871, 3490, 4597, 4655, 5610, 5971, 6093, 6005, 6230, 5263, 5794, 5827, 5416, 5867, 5788, 5901, 5724, 5892, 5033, 5832, 5937, 5811, 5998]
RBP1	5983.0	[5665, 5858, 2158, 6001, 5255, 6208, 5654, 5956, 6095, 6277, 5686, 5904, 5982, 5287, 5360, 5893, 5940, 6053, 6101, 6130, 5983, 6152, 5388, 5489, 6286, 5494, 5704, 6303, 6216, 5587, 6047, 6009, 5955, 6188, 3074, 5572, 5867, 6008, 5793, 5411, 5786, 5219, 5924, 5804, 6103, 5279, 5315, 5884, 6161, 6162, 5336, 6322, 5558, 5873, 6076, 6024, 6065, 6043, 5861, 6122, 5948, 6089, 5647, 6103, 6169, 6145, 6071, 6216, 6123, 6210, 6015, 5409, 5879, 6259, 5983, 6182, 6310, 6011, 5797, 4795, 6042, 5740, 6007, 5796, 5991, 5951, 6074, 5460, 5660, 6094, 6010, 5913, 5840, 5548, 6045, 6171, 6076, 6300, 6235, 6103]
OR10H1	6108.5	[2675, 5002, 6431, 6451, 6310, 6323, 6068, 6362, 6397, 4462, 1293, 3375, 5965, 1187, 6143, 5461, 5993, 3936, 3368, 6342, 6358, 5230, 451, 5901, 875, 6426, 6130, 5871, 5958, 6377, 5548, 6446, 6451, 88, 6448, 6404, 4730, 6280, 6229, 5689, 6304, 6449, 6311, 6400, 6231, 6292, 2606, 6452, 6292, 5248, 6452, 6395, 5555, 3246, 6418, 6430, 5103, 3585, 1973, 944, 6446, 5153, 6045, 6431, 6422, 4962, 6346, 6430, 6427, 3337, 6320, 6206, 5920, 1699, 6363, 6048, 6413, 5818, 6421, 6396, 5840, 6155, 5639, 2724, 695, 6182, 6449, 5862, 4290, 5845, 5987, 6396, 6087, 6336, 6068, 1270, 6420, 3508, 6160, 6268]
ATOH1	6258.5	[6053, 5026, 6048, 6357, 6420, 6050, 6403, 6299, 6372, 6390, 6364, 4794, 6178, 6233, 6389, 6299, 6182, 6355, 6382, 6365, 5983, 6384, 6256, 6253, 5262, 5719, 6242, 6405, 6376, 6361, 5960, 5969, 6365, 6389, 6318, 6272, 6020, 5949, 6197, 6346, 6448, 6148, 4374, 6392, 6446, 6244, 6336, 6347, 6388, 6398, 6076, 6333, 5680, 4821, 6418, 6310, 3125, 6139, 5269, 5675, 6376, 6384, 6258, 6197, 6439, 6394, 6096, 6307, 6320, 6039, 5402, 4289, 5618, 6340, 6108, 6373, 6373, 6284, 6418, 6424, 6373, 6410, 4139, 5757, 6253, 6001, 6198, 4957, 6168, 6104, 6237, 6259, 6150, 6399, 6077, 6409, 5900, 6431, 6194, 6404]
CDC42BPB	6371.5	[6280, 6369, 6418, 6283, 6415, 6441, 6420, 6468, 5945, 6412, 6255, 6433, 6393, 3784, 6207, 6419, 6428, 6451, 6335, 6452, 6357, 6391, 6339, 6332, 6119, 6464, 5859, 6457, 4490, 5777, 6416, 6277, 6220, 6438, 6418, 5434, 6300, 6439, 6386, 6365, 6416, 6217, 6373, 6392, 6407, 1744, 6457, 5874, 6457, 6467, 5440, 6411, 6430, 6459, 6457, 4398, 6442, 6416, 4631, 6365, 6413, 6361, 6365, 5897, 6431, 6435, 6430, 6348, 6460, 6412, 6402, 3405, 6407, 6398, 6391, 5814, 6297, 6396, 5208, 6410, 6429, 5017, 6331, 6444, 6099, 6431, 6246, 5702, 6265, 6370, 5658, 6405, 5882, 6300, 6065, 6420, 852, 6231, 5970, 6177]
TFR2	6380.0	[6426, 6426, 5709, 6445, 6413, 6389, 6422, 5918, 6396, 6385, 6298, 6285, 6416, 6239, 6361, 6319, 6380, 6168, 6402, 6405, 6397, 6408, 6369, 5640, 3631, 5612, 6433, 6328, 6398, 6390, 5518, 6350, 6286, 6443, 6421, 6402, 6380, 5663, 6409, 6360, 6357, 6385, 6420, 6443, 6095, 6208, 6393, 6345, 6239, 6337, 6310, 6367, 6141, 6391, 6349, 6402, 4226, 6134, 6442, 6402, 6269, 6398, 6016, 6278, 6248, 6088, 6395, 6393, 6452, 6447, 6042, 6446, 6358, 6419, 6396, 6338, 6436, 6406, 6225, 6415, 6434, 6459, 6211, 6332, 6247, 6416, 5975, 5609, 6339, 6410, 5651, 6393, 6363, 6385, 6448, 6414, 6438, 6313, 6438, 5629]
OR52A1	6440.0	[6462, 6463, 6407, 6383, 6469, 6452, 6449, 6432, 6474, 6472, 3728, 6433, 6470, 6470, 6414, 6434, 6441, 5669, 6461, 6448, 6339, 6435, 6447, 6370, 6448, 6308, 6466, 2930, 6465, 5292, 6440, 6466, 6453, 181, 6205, 6393, 6449, 6410, 6400, 6460, 6447, 6475, 6111, 6400, 6460, 6280, 6452, 6442, 6416, 5287, 6446, 6344, 6086, 6480, 5780, 6457, 5935, 6452, 6461, 6448, 6463, 6452, 6424, 6395, 6440, 1318, 6485, 5401, 6404, 6422, 313, 6383, 6086, 6463, 6480, 6399, 6467, 6474, 6410, 6476, 6381, 6453, 6418, 6449, 5305, 6344, 6446, 6433, 6445, 6469, 6411, 6165, 6473, 6475, 6449, 6396, 6151, 6472, 797, 6475]
RBP3	6470.5	[6483, 6480, 6476, 6470, 6481, 6468, 6474, 6488, 6478, 6456, 6485, 6468, 6489, 6480, 6481, 6484, 6488, 6474, 6472, 6461, 6481, 6428, 6463, 6490, 6457, 6484, 6465, 6483, 6488, 3877, 6152, 6418, 6455, 6475, 6448, 6467, 6493, 6471, 3090, 6473, 6469, 4480, 6486, 6476, 6479, 6493, 6447, 6477, 1686, 6481, 6486, 6480, 6439, 6465, 6297, 6468, 77, 6480, 6408, 6477, 6228, 5869, 6474, 6448, 5220, 6467, 6462, 6482, 6478, 6488, 6437, 6459, 6480, 6470, 6449, 6475, 6478, 6466, 6484, 6469, 6468, 6474, 6342, 6484, 6063, 6487, 6465, 6471, 6485, 6489, 6469, 6468, 6371, 2547, 6467, 6458, 6467, 5861, 6486, 6480]
