Gene	Median Rank	Full Ranks
UGT2B11	4.0	[1, 34, 4, 3, 8, 4, 4, 7, 20, 3, 11, 1, 7, 38, 46, 420, 1, 241, 9, 1, 752, 1, 1, 14, 3, 4, 22, 21, 1, 5, 2, 2, 1, 35, 18, 1, 25, 39, 2, 3, 1, 2, 3, 3, 1, 3, 348, 2, 25, 2, 37, 92, 1, 12, 9, 6, 13, 1082, 1, 2, 2, 8, 2, 107, 4, 1, 3, 1, 5, 1, 15, 2, 265, 2, 1, 9, 6, 1, 4, 2, 2, 1, 6, 7, 9, 2, 16, 31, 2, 19, 6, 5, 5, 6, 1, 14, 1, 5, 4, 1]
OR10H1	12.0	[15, 12, 15, 6, 6, 4, 7, 5, 17, 2507, 9, 4, 12, 18, 15, 12, 10, 4, 11, 144, 6, 13, 5, 4, 13, 12, 13, 14, 15, 17, 11, 18, 6, 9, 4, 4, 2, 6, 12, 4, 8, 16, 9, 12, 13, 12, 11, 7, 5, 8, 4, 8, 10, 3, 2, 16, 10, 8, 16, 15, 3, 14, 22, 20, 19, 13, 14, 16, 6, 17, 9, 14, 17, 12, 17, 17, 1174, 11, 14, 9, 7, 11, 23, 15, 14, 17, 21, 15, 11, 15, 5, 12, 10, 15, 3, 19, 11, 9, 14, 49]
OR52A1	12.0	[7, 3, 16, 9, 15, 10, 9, 11, 19, 6, 10, 11, 20, 12, 6, 31, 7, 15, 16, 9, 28, 13, 17, 22, 12, 16, 7, 6, 10, 13, 21, 8, 21, 11, 11, 5, 8, 24, 8, 7, 13, 7, 9, 6, 12, 9, 21, 31, 20, 32, 9, 5, 21, 12, 9, 12, 18, 12, 16, 12, 14, 16, 10, 11, 13, 13, 12, 22, 12, 7, 20, 26, 9, 1269, 25, 15, 15, 8, 14, 9, 7, 17, 16, 5, 15, 20, 12, 13, 14, 27, 8, 3, 5, 8, 17, 3, 5, 14, 10, 12]
DAZ4	13.5	[37, 5, 14, 4, 2, 7, 7, 29, 10, 10, 7, 80, 4, 6, 20, 5, 7, 11, 75, 16, 398, 7, 13, 7, 4, 15, 8, 10, 3332, 3182, 102, 30, 265, 5041, 65, 30, 1411, 29, 5, 33, 50, 12, 3, 69, 9, 1492, 13, 4, 22, 114, 95, 17, 17, 21, 8, 20, 12, 7, 20, 22, 164, 6, 39, 9, 16, 19, 47, 101, 265, 22, 5, 2, 25, 40, 16, 11, 18, 6, 18, 6, 3, 43, 198, 6, 10, 10, 23, 31, 8, 9, 6, 10, 6, 12, 7, 6, 4, 5, 10, 41]
HLA-DPB1	13.5	[5, 3, 24, 7, 228, 4, 5, 8, 10, 19, 19, 5, 12, 5, 102, 94, 14, 951, 13, 5, 59, 62, 6, 57, 11, 14, 10, 34, 6, 4, 22, 5, 6, 124, 7, 5, 20, 12, 32, 10, 12, 3, 8, 11, 92, 13, 23, 20, 20, 14, 12, 1458, 9, 35, 119, 977, 11, 10, 11, 9, 60, 2061, 63, 13, 307, 2, 5, 17, 3, 892, 23, 4, 4, 5, 18, 5, 14, 15, 27, 59, 7, 11, 7, 12, 4, 14, 16, 2443, 16, 53, 15, 34, 35, 12, 903, 15, 232, 38, 6, 6]
OR2S2	23.0	[17, 66, 11, 17, 28, 30, 5095, 18, 935, 36, 32, 15, 19, 10, 9, 32, 12, 29, 47, 26, 16, 1127, 4426, 18, 18, 31, 8, 21, 22, 10, 16, 41, 33, 27, 20, 24, 13, 2065, 22, 19, 15, 8, 21, 30, 24, 21, 12, 25, 23, 18, 204, 13, 17, 23, 20, 21, 21, 41, 15, 17, 21, 31, 1396, 27, 13, 25, 51, 32, 1391, 45, 24, 13, 48, 3961, 24, 20, 23, 41, 10, 74, 108, 7, 32, 40, 38, 12, 43, 18, 20, 23, 11, 48, 31, 23, 14, 24, 80, 21, 328, 7]
PDZK1	27.0	[8, 14, 16, 262, 38, 160, 884, 11, 15, 19, 59, 16, 89, 23, 256, 21, 31, 12, 13, 44, 259, 21, 22, 250, 18, 22, 14, 19, 29, 21, 66, 622, 96, 21, 31, 122, 14, 154, 28, 122, 20, 21, 26, 23, 20, 34, 162, 57, 12, 30, 65, 9, 10, 13, 12, 17, 15, 15, 34, 21, 15, 90, 28, 42, 22, 52, 23, 35, 8, 14, 133, 62, 75, 171, 156, 57, 25, 13, 18, 129, 22, 57, 93, 189, 12, 47, 15, 19, 28, 11, 60, 29, 303, 32, 815, 12, 18, 440, 206, 19]
SUPT6H	44.0	[10, 78, 107, 33, 18, 7, 801, 17, 4, 17, 12, 570, 9, 46, 64, 15, 13, 12, 28, 19, 1115, 572, 7, 108, 26, 179, 49, 23, 77, 123, 14, 38, 18, 38, 148, 5, 173, 20, 13, 59, 15, 212, 12, 34, 42, 83, 86, 18, 32, 90, 480, 18, 1239, 50, 20, 336, 85, 23, 698, 44, 6, 2, 60, 270, 5, 32, 20, 216, 17, 49, 178, 12, 50, 215, 78, 111, 59, 9, 278, 49, 239, 54, 62, 7, 61, 484, 65, 17, 53, 44, 38, 95, 7, 10, 7, 20, 107, 10, 53, 86]
COL11A1	44.0	[22, 42, 30, 18, 15, 17, 586, 450, 54, 303, 81, 49, 17, 120, 66, 138, 25, 58, 46, 71, 33, 480, 12, 18, 123, 143, 37, 23, 136, 944, 36, 84, 625, 23, 63, 11, 45, 26, 15, 42, 21, 144, 44, 60, 10, 27, 32, 193, 20, 8, 59, 24, 73, 19, 15, 31, 298, 101, 50, 32, 34, 21, 12, 54, 31, 26, 38, 19, 413, 216, 613, 30, 354, 38, 23, 92, 12, 120, 41, 14, 38, 68, 21, 2205, 84, 44, 36, 532, 18, 111, 32, 192, 230, 74, 325, 211, 119, 281, 38, 47]
S100A9	44.5	[11, 10, 11, 120, 8, 18, 34, 49, 116, 16, 78, 7, 9, 524, 27, 221, 74, 9, 22, 252, 18, 67, 54, 51, 1355, 245, 17, 28, 241, 18, 54, 25, 218, 2460, 139, 24, 137, 11, 9, 40, 138, 54, 23, 6, 17, 938, 186, 23, 54, 13, 6, 49, 29, 13, 889, 436, 20, 70, 23, 50, 22, 235, 137, 202, 15, 354, 57, 5, 31, 7, 17, 12, 17, 19, 117, 292, 20, 17, 84, 17, 119, 85, 52, 1793, 197, 154, 1065, 13, 22, 101, 16, 633, 5, 66, 351, 385, 14, 15, 18, 100]
MX1	64.0	[113, 51, 55, 540, 31, 75, 268, 14, 23, 228, 40, 18, 86, 16, 41, 39, 147, 68, 24, 121, 453, 261, 314, 245, 144, 546, 16, 165, 69, 22, 194, 162, 31, 10, 66, 100, 26, 194, 19, 33, 94, 29, 22, 204, 73, 48, 35, 261, 193, 25, 27, 45, 65, 137, 26, 63, 327, 104, 269, 340, 20, 80, 108, 17, 37, 104, 21, 83, 17, 44, 17, 11, 19, 67, 32, 21, 36, 14, 56, 66, 37, 15, 34, 214, 309, 281, 166, 19, 560, 143, 737, 105, 314, 18, 13, 53, 55, 115, 27, 200]
CPB1	75.5	[28, 284, 23, 99, 105, 46, 389, 21, 231, 47, 316, 272, 141, 190, 9, 15, 90, 31, 2152, 11, 129, 151, 1593, 5, 965, 134, 26, 33, 10, 889, 18, 194, 5, 96, 41, 38, 111, 157, 15, 600, 443, 7, 22, 30, 17, 23, 108, 64, 863, 142, 21, 314, 75, 413, 77, 1517, 72, 85, 256, 72, 7, 22, 165, 9, 1643, 53, 9, 52, 294, 299, 5, 118, 12, 725, 6, 202, 76, 126, 12, 41, 71, 136, 11, 202, 59, 18, 6, 329, 539, 7, 431, 34, 312, 72, 1458, 11, 13, 47, 323, 350]
HCRT	81.5	[72, 111, 81, 76, 97, 116, 68, 57, 138, 94, 45, 39, 67, 114, 113, 53, 5959, 213, 76, 216, 27, 65, 176, 69, 105, 96, 103, 60, 78, 51, 139, 75, 78, 104, 88, 121, 89, 96, 165, 83, 79, 71, 60, 84, 81, 82, 65, 64, 100, 112, 79, 52, 110, 68, 92, 51, 87, 52, 149, 95, 229, 151, 79, 99, 68, 81, 127, 94, 93, 74, 87, 89, 78, 95, 107, 76, 73, 45, 101, 58, 82, 64, 49, 155, 66, 88, 93, 65, 63, 47, 118, 37, 115, 66, 46, 48, 121, 112, 79, 58]
PSG6	81.5	[90, 76, 46, 61, 49, 84, 232, 87, 203, 118, 70, 146, 225, 124, 161, 51, 189, 58, 49, 93, 50, 98, 60, 85, 255, 111, 52, 25, 56, 85, 128, 86, 50, 130, 80, 89, 74, 45, 78, 49, 194, 50, 263, 44, 84, 63, 53, 82, 42, 60, 83, 166, 44, 48, 111, 80, 118, 29, 186, 79, 83, 233, 131, 46, 76, 52, 62, 119, 61, 27, 76, 73, 36, 65, 104, 140, 417, 13, 11, 75, 183, 182, 46, 100, 61, 75, 170, 65, 96, 393, 74, 81, 84, 521, 54, 1425, 98, 83, 86, 178]
ISG15	91.0	[122, 248, 69, 48, 66, 107, 72, 35, 140, 19, 98, 108, 91, 282, 46, 100, 16, 127, 109, 48, 95, 249, 268, 49, 140, 37, 88, 175, 154, 35, 112, 165, 63, 37, 103, 59, 89, 442, 184, 56, 54, 71, 20, 168, 154, 51, 73, 100, 87, 138, 143, 71, 77, 80, 170, 90, 92, 171, 91, 280, 144, 49, 77, 70, 117, 144, 293, 164, 81, 158, 74, 102, 56, 246, 72, 62, 106, 198, 84, 147, 145, 85, 180, 90, 152, 133, 91, 98, 67, 38, 67, 164, 64, 187, 63, 110, 62, 71, 24, 38]
KCNJ1	93.5	[4859, 4847, 89, 105, 34, 657, 48, 44, 1411, 65, 5356, 97, 37, 37, 95, 492, 139, 42, 81, 67, 59, 59, 126, 77, 2443, 454, 58, 59, 124, 93, 52, 3911, 68, 137, 205, 877, 3157, 81, 100, 50, 56, 50, 143, 1626, 4471, 4054, 36, 81, 95, 41, 226, 52, 72, 65, 106, 97, 58, 106, 99, 40, 62, 45, 1001, 96, 66, 94, 193, 190, 36, 535, 119, 44, 47, 56, 95, 90, 63, 1080, 43, 118, 89, 66, 66, 75, 101, 67, 75, 191, 178, 5667, 6004, 43, 507, 205, 295, 590, 5195, 43, 55, 46]
TFF1	93.5	[86, 163, 53, 94, 54, 601, 45, 251, 409, 216, 93, 54, 209, 58, 229, 196, 126, 76, 97, 251, 82, 61, 66, 135, 32, 25, 47, 82, 116, 195, 45, 69, 145, 99, 81, 125, 373, 543, 28, 132, 89, 85, 66, 224, 528, 37, 95, 63, 52, 49, 117, 91, 95, 86, 51, 336, 609, 95, 46, 193, 74, 123, 26, 125, 57, 78, 51, 54, 186, 105, 73, 195, 59, 98, 66, 146, 119, 44, 38, 26, 58, 172, 44, 206, 70, 301, 42, 137, 66, 109, 112, 185, 39, 57, 189, 149, 186, 35, 103, 222]
IFNA14	104.0	[72, 83, 111, 167, 134, 55, 44, 215, 59, 236, 84, 95, 56, 111, 90, 84, 61, 100, 52, 293, 60, 187, 1013, 734, 205, 169, 194, 244, 91, 40, 24, 260, 122, 160, 34, 82, 364, 45, 36, 80, 198, 134, 42, 104, 81, 46, 33, 104, 83, 205, 177, 320, 58, 403, 46, 30, 67, 49, 277, 86, 138, 170, 93, 184, 53, 150, 55, 236, 140, 625, 71, 1044, 245, 37, 79, 326, 65, 195, 156, 38, 91, 104, 99, 1015, 53, 57, 659, 134, 469, 487, 182, 203, 36, 5612, 426, 103, 528, 235, 32, 181]
MC1R	113.0	[140, 182, 261, 170, 72, 75, 324, 48, 93, 103, 633, 334, 143, 206, 46, 62, 26, 111, 149, 199, 154, 138, 96, 112, 343, 68, 237, 53, 146, 59, 174, 145, 89, 136, 46, 129, 277, 139, 111, 101, 110, 1121, 67, 147, 43, 67, 67, 71, 112, 131, 62, 148, 84, 113, 146, 102, 351, 137, 162, 163, 110, 124, 1458, 66, 95, 42, 79, 152, 112, 193, 44, 94, 77, 149, 173, 78, 122, 96, 108, 99, 68, 133, 129, 825, 291, 98, 147, 81, 113, 56, 88, 114, 150, 163, 83, 101, 211, 106, 163, 181]
PSG9	123.0	[85, 146, 235, 175, 58, 149, 108, 63, 265, 183, 246, 63, 149, 201, 67, 170, 145, 135, 159, 367, 166, 195, 72, 260, 116, 67, 191, 59, 434, 128, 70, 104, 222, 127, 484, 104, 245, 156, 61, 86, 665, 348, 54, 93, 233, 78, 1597, 111, 191, 73, 154, 320, 56, 94, 136, 70, 69, 128, 174, 97, 168, 135, 104, 150, 97, 107, 62, 128, 71, 59, 91, 384, 109, 56, 119, 21, 136, 59, 37, 588, 175, 84, 55, 118, 167, 19, 67, 53, 472, 82, 49, 62, 87, 294, 76, 176, 379, 138, 241, 100]
SHBG	126.5	[140, 175, 88, 77, 142, 507, 162, 85, 151, 1097, 164, 93, 321, 127, 61, 158, 184, 226, 85, 103, 97, 93, 60, 57, 54, 187, 168, 67, 93, 142, 51, 363, 105, 321, 106, 237, 345, 126, 111, 89, 550, 299, 101, 3408, 163, 42, 464, 140, 72, 480, 57, 104, 90, 2810, 90, 75, 165, 84, 169, 154, 66, 88, 93, 65, 104, 128, 2005, 183, 165, 175, 57, 74, 104, 668, 483, 86, 130, 140, 190, 69, 80, 57, 894, 85, 790, 217, 85, 190, 94, 81, 340, 129, 113, 2973, 210, 93, 35, 155, 72, 87]
ACOX2	127.5	[19, 511, 59, 153, 82, 17, 206, 1436, 310, 91, 578, 1073, 27, 28, 59, 93, 91, 29, 27, 111, 62, 285, 19, 236, 85, 128, 105, 455, 119, 2424, 206, 51, 370, 36, 34, 112, 109, 21, 920, 551, 435, 74, 345, 589, 148, 165, 219, 38, 58, 640, 27, 55, 224, 145, 101, 144, 77, 323, 803, 89, 56, 494, 305, 62, 26, 127, 197, 35, 41, 91, 72, 23, 257, 1195, 45, 700, 951, 45, 526, 246, 43, 255, 480, 1311, 27, 1226, 156, 257, 43, 200, 796, 39, 1099, 18, 834, 87, 179, 1114, 313, 19]
MAFG	140.5	[4, 18, 82, 21, 137, 127, 2126, 1655, 6, 106, 80, 95, 214, 108, 68, 3545, 127, 33, 4530, 310, 1473, 503, 693, 1079, 24, 4435, 69, 481, 6, 183, 147, 121, 185, 15, 172, 516, 44, 77, 16, 70, 1543, 1956, 30, 68, 204, 184, 182, 839, 21, 44, 239, 243, 9, 733, 4, 93, 1748, 431, 70, 12, 1903, 61, 17, 619, 718, 454, 70, 5, 72, 102, 2422, 50, 153, 204, 4953, 107, 354, 41, 804, 125, 1144, 49, 925, 11, 556, 144, 110, 417, 352, 97, 228, 8, 158, 14, 58, 3594, 346, 209, 47, 163]
S100A8	140.5	[78, 187, 44, 2838, 52, 33, 160, 122, 136, 2506, 47, 30, 508, 120, 115, 141, 118, 776, 159, 89, 1731, 57, 2323, 66, 74, 1720, 96, 27, 84, 270, 415, 91, 591, 217, 341, 500, 89, 481, 4033, 1135, 46, 75, 958, 22, 134, 155, 184, 153, 96, 66, 77, 121, 532, 98, 135, 129, 44, 176, 508, 288, 466, 220, 139, 26, 247, 253, 79, 55, 396, 56, 24, 77, 47, 70, 1307, 53, 614, 519, 256, 1305, 81, 483, 2758, 3426, 12, 26, 249, 94, 36, 31, 255, 333, 89, 380, 374, 324, 2362, 223, 140, 158]
IGHG3	143.0	[366, 43, 50, 73, 89, 33, 203, 979, 350, 111, 198, 134, 140, 12, 198, 128, 472, 229, 78, 227, 216, 341, 155, 25, 483, 341, 56, 725, 63, 554, 150, 11, 21, 165, 225, 159, 186, 74, 62, 136, 146, 79, 100, 233, 258, 105, 202, 334, 819, 312, 14, 36, 219, 109, 888, 36, 227, 127, 208, 256, 29, 348, 204, 26, 68, 236, 34, 82, 304, 155, 434, 82, 215, 36, 456, 267, 19, 61, 58, 107, 35, 25, 18, 243, 285, 556, 140, 42, 162, 209, 22, 55, 193, 20, 44, 199, 28, 28, 56, 338]
GLP2R	143.0	[87, 249, 142, 80, 715, 88, 132, 275, 138, 187, 130, 200, 123, 123, 180, 110, 145, 3977, 142, 108, 227, 239, 243, 435, 435, 140, 171, 173, 3901, 78, 141, 2840, 54, 1325, 96, 117, 103, 442, 77, 667, 146, 73, 2561, 297, 91, 193, 90, 154, 241, 1513, 145, 84, 154, 4606, 96, 110, 177, 442, 108, 93, 253, 97, 144, 142, 5505, 257, 121, 420, 94, 187, 109, 142, 187, 111, 78, 140, 135, 258, 213, 3871, 73, 159, 81, 66, 703, 137, 140, 71, 150, 96, 248, 177, 217, 92, 114, 165, 595, 111, 126, 104]
SLC1A1	158.0	[148, 482, 1209, 345, 1012, 500, 114, 1493, 129, 1744, 48, 496, 137, 158, 327, 48, 214, 451, 291, 2395, 848, 181, 219, 428, 116, 317, 235, 147, 74, 119, 74, 106, 71, 59, 54, 2628, 99, 49, 889, 176, 55, 951, 1232, 300, 81, 389, 107, 190, 90, 127, 358, 110, 245, 970, 163, 99, 158, 101, 49, 192, 668, 129, 116, 128, 390, 208, 1023, 149, 104, 79, 61, 473, 235, 285, 82, 121, 279, 94, 154, 189, 165, 91, 187, 45, 181, 219, 364, 530, 124, 465, 97, 110, 77, 138, 68, 100, 139, 1918, 47, 122]
NAT1	165.0	[203, 203, 381, 196, 179, 42, 202, 520, 457, 334, 408, 512, 228, 90, 109, 308, 62, 371, 203, 258, 45, 237, 244, 167, 33, 54, 98, 321, 232, 150, 68, 84, 86, 33, 220, 121, 71, 91, 114, 159, 333, 158, 266, 167, 281, 178, 113, 143, 266, 335, 103, 116, 124, 110, 203, 797, 200, 117, 170, 93, 288, 269, 76, 299, 143, 308, 651, 127, 40, 343, 357, 137, 259, 106, 163, 43, 172, 338, 104, 175, 122, 96, 98, 83, 43, 454, 224, 97, 190, 237, 41, 257, 85, 50, 135, 100, 233, 59, 79, 135]
OR10H2	175.5	[99, 53, 159, 2395, 125, 43, 627, 2286, 24, 140, 688, 146, 285, 17, 62, 64, 1056, 35, 3759, 26, 128, 22, 524, 8, 679, 175, 175, 622, 3020, 2814, 3095, 24, 35, 176, 145, 625, 5259, 275, 52, 6432, 74, 68, 49, 71, 4739, 5739, 79, 262, 6056, 22, 139, 79, 326, 5431, 4572, 35, 67, 40, 188, 4494, 5361, 5488, 26, 690, 784, 150, 18, 3982, 576, 192, 40, 60, 57, 39, 3934, 199, 6068, 135, 44, 1269, 1284, 200, 55, 5580, 49, 3688, 928, 18, 2470, 21, 34, 762, 54, 78, 5540, 5512, 111, 187, 177, 3258]
S100P	178.5	[65, 552, 144, 85, 17, 523, 52, 28, 474, 1680, 31, 768, 443, 21, 129, 177, 153, 1510, 42, 129, 40, 587, 9, 904, 804, 414, 1133, 125, 493, 401, 8, 439, 3511, 2429, 26, 1489, 379, 265, 90, 38, 148, 1472, 771, 489, 807, 190, 119, 19, 23, 3956, 14, 24, 510, 89, 4289, 40, 37, 327, 397, 8, 209, 26, 51, 146, 60, 236, 1066, 28, 15, 887, 781, 444, 959, 36, 557, 24, 207, 284, 109, 180, 56, 98, 157, 3185, 142, 29, 91, 11, 435, 82, 573, 201, 46, 1967, 168, 1288, 496, 65, 3982, 877]
SMARCD1	180.5	[118, 271, 17, 118, 58, 137, 423, 120, 185, 258, 294, 75, 103, 58, 675, 102, 531, 122, 318, 514, 23, 418, 145, 341, 258, 97, 338, 226, 326, 25, 285, 409, 270, 183, 24, 57, 50, 778, 159, 312, 146, 515, 38, 411, 176, 361, 124, 97, 1042, 218, 445, 31, 250, 28, 636, 26, 103, 46, 307, 337, 242, 288, 215, 55, 23, 92, 20, 203, 328, 83, 411, 187, 86, 96, 19, 613, 127, 86, 330, 368, 203, 63, 275, 88, 200, 161, 188, 297, 653, 325, 53, 486, 38, 115, 177, 99, 62, 178, 581, 106]
CYP2C8	191.0	[67, 632, 92, 221, 149, 263, 143, 250, 90, 140, 498, 640, 108, 377, 368, 256, 184, 159, 52, 170, 103, 123, 605, 64, 447, 211, 536, 41, 54, 590, 30, 89, 172, 140, 463, 116, 206, 176, 146, 491, 154, 633, 377, 267, 206, 161, 137, 119, 936, 30, 122, 187, 328, 472, 1181, 228, 2900, 199, 475, 97, 495, 151, 160, 177, 144, 466, 494, 270, 584, 82, 264, 394, 263, 160, 399, 218, 116, 130, 195, 376, 227, 1800, 160, 227, 315, 88, 33, 212, 466, 213, 89, 262, 149, 187, 227, 173, 87, 96, 142, 113]
GSTT1	194.0	[1358, 3396, 96, 112, 2312, 94, 54, 322, 1215, 63, 153, 89, 194, 265, 640, 194, 225, 486, 93, 182, 115, 1365, 85, 1646, 463, 39, 51, 377, 64, 143, 10, 676, 1175, 149, 400, 1126, 19, 1229, 114, 18, 49, 88, 817, 186, 163, 31, 261, 57, 632, 805, 131, 22, 843, 341, 104, 298, 81, 348, 671, 758, 205, 427, 59, 481, 776, 211, 103, 1017, 465, 23, 179, 424, 35, 1922, 762, 120, 123, 26, 34, 3120, 2245, 16, 27, 730, 384, 175, 559, 396, 485, 64, 96, 23, 264, 86, 324, 57, 13, 1328, 1252, 34]
TTYH1	200.0	[460, 215, 48, 58, 41, 748, 265, 308, 343, 489, 3259, 59, 43, 1010, 333, 41, 150, 642, 59, 58, 42, 659, 140, 149, 233, 32, 143, 11, 136, 187, 196, 223, 115, 83, 644, 184, 267, 211, 1084, 25, 319, 204, 409, 1596, 120, 19, 283, 783, 143, 24, 60, 128, 359, 3068, 28, 74, 242, 258, 32, 43, 191, 287, 607, 353, 72, 74, 91, 557, 31, 269, 86, 322, 147, 600, 347, 365, 74, 27, 346, 113, 30, 654, 150, 1160, 313, 630, 82, 248, 572, 152, 411, 182, 368, 404, 434, 466, 371, 12, 127, 186]
SVIL	210.5	[779, 1364, 239, 377, 58, 408, 210, 454, 133, 200, 860, 139, 293, 708, 414, 222, 226, 195, 924, 49, 25, 58, 231, 2202, 98, 535, 589, 56, 595, 240, 808, 607, 458, 2030, 689, 1501, 120, 445, 288, 99, 115, 74, 183, 103, 475, 60, 194, 243, 735, 319, 41, 44, 97, 117, 211, 93, 53, 683, 99, 416, 201, 190, 55, 79, 264, 49, 51, 196, 80, 676, 680, 94, 47, 2291, 191, 103, 841, 1766, 37, 28, 261, 148, 1406, 108, 48, 65, 378, 2501, 79, 293, 2138, 159, 64, 2092, 453, 51, 1783, 67, 526, 35]
HLA-G	266.0	[4, 721, 2267, 1148, 671, 397, 30, 36, 3363, 390, 33, 779, 33, 84, 209, 113, 118, 732, 442, 2898, 241, 17, 18, 480, 19, 198, 2120, 615, 1880, 24, 2092, 18, 675, 80, 52, 564, 675, 3847, 3577, 17, 13, 13, 1893, 1711, 29, 55, 210, 3727, 147, 146, 479, 138, 28, 363, 900, 198, 102, 36, 528, 3917, 1200, 1290, 1725, 2293, 2688, 42, 24, 18, 85, 214, 155, 536, 632, 703, 652, 96, 120, 721, 3324, 3307, 1373, 50, 635, 14, 16, 981, 100, 1899, 18, 10, 291, 367, 108, 54, 527, 48, 1696, 5145, 48, 170]
OPN1SW	270.5	[225, 316, 275, 507, 193, 303, 339, 115, 335, 278, 312, 164, 377, 117, 147, 181, 406, 247, 407, 113, 458, 263, 627, 245, 108, 78, 372, 102, 645, 527, 2330, 266, 193, 210, 405, 393, 229, 462, 499, 441, 151, 447, 603, 319, 301, 301, 118, 352, 209, 155, 539, 370, 235, 207, 302, 181, 330, 441, 232, 409, 372, 176, 195, 342, 155, 420, 228, 339, 215, 240, 138, 292, 282, 279, 191, 342, 317, 131, 241, 439, 220, 306, 174, 193, 305, 127, 189, 775, 418, 206, 218, 239, 227, 105, 547, 153, 209, 160, 154, 567]
CDC42BPB	277.0	[503, 291, 100, 50, 1315, 237, 297, 709, 591, 329, 1031, 873, 621, 176, 2033, 163, 180, 785, 238, 2659, 265, 1278, 78, 284, 200, 940, 411, 153, 284, 285, 165, 430, 1350, 170, 83, 141, 192, 50, 430, 256, 414, 1669, 594, 45, 210, 319, 1004, 335, 1048, 158, 363, 103, 49, 252, 296, 982, 1024, 133, 153, 2732, 87, 355, 407, 203, 1350, 699, 97, 179, 1519, 1732, 672, 141, 367, 56, 590, 532, 986, 371, 76, 220, 500, 96, 95, 219, 270, 170, 165, 242, 154, 62, 448, 1024, 128, 149, 111, 602, 72, 146, 237, 230]
SFRP4	277.0	[466, 186, 739, 203, 1351, 3349, 908, 467, 353, 2321, 62, 889, 2457, 101, 241, 62, 684, 838, 112, 583, 174, 544, 898, 466, 3531, 65, 36, 95, 16, 117, 108, 32, 237, 87, 200, 49, 400, 304, 324, 224, 468, 148, 298, 2614, 262, 140, 76, 123, 164, 2690, 510, 225, 1086, 199, 210, 643, 108, 82, 255, 182, 34, 128, 1037, 107, 473, 2056, 525, 703, 305, 627, 596, 1159, 409, 1526, 292, 293, 89, 807, 92, 2468, 54, 318, 244, 48, 827, 163, 169, 2304, 332, 3389, 201, 18, 88, 197, 43, 2277, 173, 349, 45, 1889]
PRAME	292.5	[888, 1337, 212, 173, 577, 667, 1422, 598, 233, 126, 177, 487, 478, 902, 352, 104, 434, 323, 105, 264, 227, 203, 1257, 482, 180, 220, 312, 1107, 522, 229, 425, 271, 144, 365, 212, 427, 672, 288, 210, 339, 1063, 108, 478, 89, 88, 67, 256, 321, 209, 138, 426, 717, 258, 550, 630, 410, 641, 323, 360, 747, 300, 240, 345, 281, 236, 650, 311, 163, 198, 1225, 606, 120, 179, 904, 169, 45, 120, 112, 138, 2167, 178, 417, 158, 88, 192, 723, 556, 512, 500, 263, 139, 136, 249, 58, 304, 1085, 283, 297, 130, 90]
SFRP5	343.0	[271, 106, 1811, 253, 57, 1381, 82, 84, 372, 1540, 253, 484, 85, 132, 69, 5041, 4581, 3815, 121, 213, 122, 165, 278, 934, 1359, 74, 2182, 101, 73, 437, 152, 3787, 94, 180, 345, 70, 107, 5233, 178, 3870, 201, 63, 73, 5170, 379, 2096, 499, 2228, 252, 3896, 384, 81, 334, 6319, 1246, 136, 2528, 5607, 4603, 2059, 132, 234, 5593, 230, 20, 2877, 321, 256, 79, 92, 461, 5669, 61, 973, 1615, 109, 3429, 3322, 527, 4883, 75, 188, 141, 513, 5076, 2976, 43, 2329, 278, 3573, 167, 104, 515, 451, 4704, 3568, 1241, 67, 341, 860]
ESR1	358.5	[2516, 196, 694, 275, 1307, 845, 131, 1025, 202, 687, 218, 62, 260, 83, 372, 142, 1103, 235, 413, 624, 873, 68, 545, 328, 1328, 238, 252, 525, 414, 66, 37, 122, 134, 1307, 25, 1806, 235, 617, 151, 468, 565, 434, 306, 135, 176, 309, 83, 188, 356, 863, 350, 551, 880, 255, 710, 549, 506, 619, 179, 207, 169, 280, 657, 265, 240, 41, 1143, 769, 458, 181, 427, 851, 420, 279, 361, 657, 198, 758, 1108, 265, 523, 148, 198, 62, 365, 834, 328, 104, 173, 476, 400, 109, 399, 1450, 147, 3195, 471, 741, 64, 716]
IFNA4	358.5	[124, 374, 2104, 555, 196, 491, 229, 258, 374, 207, 422, 445, 168, 208, 1134, 452, 529, 481, 637, 377, 773, 331, 213, 1442, 912, 322, 169, 778, 344, 87, 139, 774, 530, 265, 512, 454, 128, 290, 101, 493, 175, 250, 260, 134, 272, 479, 136, 289, 565, 239, 379, 522, 192, 375, 332, 270, 401, 619, 318, 138, 113, 206, 406, 336, 359, 596, 501, 207, 351, 546, 221, 108, 613, 577, 660, 388, 332, 206, 270, 1007, 517, 206, 242, 1795, 843, 344, 192, 207, 475, 606, 345, 809, 197, 565, 358, 374, 134, 1018, 1106, 5327]
NTF3	359.0	[439, 302, 769, 205, 264, 766, 429, 454, 202, 685, 183, 333, 186, 456, 262, 302, 445, 206, 340, 232, 662, 248, 248, 376, 674, 220, 248, 223, 230, 268, 658, 251, 614, 390, 491, 216, 670, 975, 448, 314, 759, 619, 137, 422, 263, 290, 196, 256, 328, 768, 259, 498, 124, 2196, 209, 413, 322, 520, 549, 243, 263, 253, 575, 523, 373, 2917, 735, 236, 171, 341, 228, 550, 380, 348, 723, 456, 242, 432, 323, 469, 169, 211, 121, 386, 250, 569, 840, 739, 183, 391, 530, 463, 303, 440, 834, 227, 370, 224, 579, 548]
GPLD1	362.0	[442, 419, 421, 296, 236, 397, 281, 323, 624, 283, 265, 522, 352, 404, 309, 326, 1311, 136, 473, 575, 438, 265, 234, 535, 506, 473, 271, 263, 332, 246, 482, 516, 453, 990, 500, 268, 188, 225, 302, 355, 492, 391, 452, 2172, 295, 348, 950, 450, 152, 643, 216, 348, 259, 405, 314, 614, 459, 322, 645, 276, 369, 239, 577, 378, 429, 374, 324, 377, 334, 569, 582, 444, 525, 237, 263, 536, 609, 541, 274, 325, 311, 230, 339, 208, 229, 214, 243, 406, 751, 281, 208, 1323, 243, 498, 355, 400, 559, 671, 177, 304]
PZP	387.5	[263, 433, 5996, 3542, 171, 212, 228, 135, 345, 229, 864, 3160, 189, 172, 1675, 273, 321, 1421, 357, 168, 448, 326, 754, 147, 401, 184, 114, 3828, 190, 417, 5589, 527, 145, 248, 5310, 235, 125, 151, 4372, 1029, 2271, 1408, 233, 602, 325, 408, 218, 413, 56, 262, 98, 223, 430, 1125, 309, 279, 374, 6100, 341, 3708, 4290, 5382, 208, 107, 4278, 6043, 2215, 951, 5742, 402, 90, 169, 154, 471, 4140, 906, 208, 350, 2670, 2452, 596, 1267, 3507, 256, 144, 645, 127, 899, 5600, 286, 4534, 126, 2432, 177, 297, 5716, 1445, 174, 161, 3032]
PIP	411.5	[460, 42, 2985, 778, 774, 50, 32, 17, 4023, 495, 353, 696, 56, 143, 286, 273, 175, 560, 1028, 162, 392, 1524, 132, 219, 1727, 982, 1074, 94, 1449, 1288, 1659, 45, 405, 87, 2704, 203, 2790, 839, 673, 171, 147, 790, 37, 1463, 133, 1611, 241, 1152, 891, 757, 442, 217, 4667, 7, 639, 141, 114, 3052, 942, 418, 87, 418, 2838, 1655, 547, 2299, 814, 93, 629, 106, 97, 252, 184, 470, 617, 233, 165, 88, 1477, 55, 29, 2739, 448, 80, 6059, 139, 150, 112, 203, 1302, 134, 4, 199, 883, 862, 2839, 393, 172, 1357, 23]
NPY1R	425.5	[433, 472, 639, 254, 344, 147, 347, 550, 181, 470, 582, 347, 252, 237, 349, 450, 211, 561, 89, 1773, 631, 399, 325, 532, 2190, 1268, 587, 751, 398, 247, 265, 1095, 32, 543, 722, 276, 266, 669, 313, 252, 738, 241, 357, 845, 873, 998, 820, 203, 561, 960, 424, 282, 369, 197, 786, 470, 426, 372, 266, 318, 647, 739, 34, 803, 633, 343, 718, 225, 257, 357, 859, 425, 465, 288, 343, 1712, 230, 683, 224, 256, 100, 878, 348, 455, 1221, 327, 921, 941, 664, 275, 692, 73, 921, 411, 511, 420, 448, 2101, 541, 79]
NOVA1	431.0	[255, 384, 325, 393, 532, 332, 317, 438, 419, 327, 166, 680, 94, 300, 225, 399, 493, 512, 1228, 712, 302, 535, 2227, 132, 478, 711, 548, 721, 219, 334, 361, 1108, 172, 490, 417, 448, 289, 512, 185, 769, 337, 211, 230, 409, 1255, 448, 313, 369, 1212, 332, 89, 304, 833, 424, 3180, 471, 331, 501, 450, 603, 572, 1146, 767, 394, 464, 202, 259, 238, 821, 245, 653, 697, 186, 641, 996, 167, 354, 536, 622, 250, 1861, 181, 444, 846, 709, 303, 747, 205, 3839, 373, 531, 444, 118, 923, 1548, 363, 208, 700, 417, 720]
RAB11A	439.0	[901, 235, 690, 62, 1168, 407, 580, 448, 735, 1258, 868, 51, 493, 423, 164, 157, 290, 440, 106, 986, 947, 404, 1026, 226, 751, 401, 884, 120, 446, 960, 402, 306, 432, 532, 705, 1431, 3845, 753, 480, 186, 309, 579, 465, 794, 178, 66, 262, 596, 389, 334, 206, 579, 475, 458, 420, 815, 1030, 34, 1107, 253, 594, 624, 904, 3145, 20, 918, 339, 578, 204, 741, 334, 404, 183, 343, 1880, 455, 524, 1089, 4610, 40, 302, 197, 205, 724, 1059, 422, 152, 622, 438, 214, 170, 325, 2042, 82, 498, 206, 368, 104, 264, 193]
P2RY4	440.5	[85, 362, 2866, 134, 181, 1315, 232, 4001, 263, 4848, 535, 3950, 253, 590, 4880, 191, 190, 6299, 92, 4629, 130, 600, 2553, 77, 562, 117, 1418, 5184, 5498, 403, 2693, 201, 225, 348, 147, 1439, 920, 67, 133, 302, 164, 562, 227, 3895, 131, 3102, 113, 1252, 225, 278, 252, 186, 4884, 6158, 205, 416, 1549, 536, 615, 61, 3733, 3667, 742, 5638, 763, 841, 5610, 110, 320, 6403, 1055, 5692, 4521, 5633, 460, 421, 480, 669, 57, 826, 2785, 139, 1045, 238, 653, 1887, 267, 174, 106, 167, 149, 6163, 341, 3036, 215, 402, 105, 226, 278, 371]
SST	480.0	[567, 200, 350, 401, 536, 459, 329, 516, 413, 502, 439, 574, 623, 429, 478, 324, 611, 380, 810, 470, 706, 382, 455, 312, 482, 422, 495, 439, 348, 456, 370, 284, 337, 220, 747, 775, 437, 577, 418, 582, 311, 905, 748, 368, 666, 377, 415, 221, 449, 520, 577, 508, 965, 567, 601, 651, 549, 603, 439, 494, 884, 466, 218, 460, 455, 311, 1538, 779, 322, 423, 562, 411, 427, 665, 618, 428, 641, 444, 502, 423, 2192, 382, 615, 495, 848, 396, 322, 493, 506, 340, 677, 557, 593, 793, 1591, 570, 454, 799, 401, 679]
TAT	484.0	[362, 222, 400, 1538, 256, 561, 982, 1186, 1318, 3055, 489, 17, 1580, 1627, 373, 427, 1958, 157, 165, 203, 946, 1155, 59, 2898, 1263, 4397, 237, 4374, 238, 225, 2504, 23, 235, 3469, 835, 4636, 4858, 9, 438, 431, 125, 1057, 387, 577, 237, 364, 484, 3399, 254, 240, 2826, 2078, 571, 608, 841, 408, 41, 1312, 74, 1345, 277, 2131, 70, 209, 255, 1069, 1879, 554, 274, 296, 516, 1562, 481, 502, 216, 388, 4994, 639, 54, 250, 112, 166, 484, 176, 143, 2037, 48, 68, 147, 289, 811, 751, 3066, 442, 802, 2272, 222, 748, 2540, 527]
KCNMB3	503.0	[563, 385, 506, 621, 836, 1005, 305, 496, 340, 529, 1074, 105, 467, 767, 949, 1059, 2179, 719, 1227, 434, 1869, 3023, 832, 233, 444, 259, 223, 525, 654, 717, 526, 534, 1237, 322, 548, 500, 216, 525, 270, 435, 310, 888, 392, 399, 361, 147, 195, 1566, 1430, 166, 314, 344, 281, 453, 315, 513, 3249, 569, 277, 400, 757, 651, 177, 185, 4666, 279, 804, 795, 309, 1090, 853, 212, 3831, 462, 2844, 195, 1500, 370, 860, 315, 533, 396, 388, 479, 261, 507, 2152, 439, 424, 1171, 4141, 5551, 647, 389, 1016, 362, 122, 382, 284, 517]
ZNF214	545.0	[636, 522, 240, 155, 711, 303, 950, 586, 88, 1969, 628, 543, 952, 579, 250, 894, 918, 634, 718, 505, 176, 317, 1612, 674, 169, 364, 812, 536, 542, 369, 1021, 974, 303, 345, 668, 547, 502, 628, 358, 357, 420, 564, 981, 827, 488, 549, 429, 999, 445, 4061, 497, 642, 643, 654, 349, 151, 375, 71, 659, 145, 606, 413, 865, 491, 504, 1416, 528, 168, 80, 331, 665, 56, 845, 141, 620, 378, 233, 622, 911, 743, 376, 653, 772, 1963, 385, 437, 415, 649, 739, 684, 522, 807, 572, 371, 107, 847, 144, 116, 2570, 1624]
CALM2	551.0	[1755, 554, 393, 60, 548, 965, 222, 895, 419, 1408, 32, 291, 111, 1350, 104, 8, 2810, 524, 361, 2933, 156, 352, 1086, 309, 251, 1085, 616, 1143, 500, 196, 224, 312, 451, 10, 97, 1039, 495, 388, 1333, 179, 164, 59, 918, 212, 1917, 464, 107, 783, 161, 599, 788, 73, 908, 2618, 2717, 4691, 1519, 177, 1293, 4980, 559, 1389, 340, 308, 488, 35, 543, 759, 862, 4472, 250, 163, 1226, 175, 3996, 667, 725, 120, 2687, 228, 265, 657, 470, 636, 3880, 987, 806, 327, 4329, 100, 3287, 976, 647, 87, 56, 1590, 1134, 1332, 633, 4312]
KCNIP1	592.5	[2263, 232, 238, 3297, 5590, 144, 321, 1115, 1548, 1116, 585, 1117, 994, 332, 976, 639, 187, 362, 1987, 791, 268, 423, 73, 193, 230, 617, 1337, 104, 1035, 4879, 2023, 2272, 106, 5137, 650, 299, 155, 519, 2384, 2739, 840, 922, 2917, 980, 4567, 337, 1228, 694, 4774, 1436, 396, 74, 2790, 480, 184, 3356, 225, 321, 144, 1012, 119, 3860, 127, 564, 163, 249, 5939, 4658, 535, 2082, 521, 316, 199, 1255, 2441, 264, 126, 429, 1810, 247, 862, 780, 318, 564, 2968, 429, 200, 1972, 600, 206, 436, 303, 689, 117, 4461, 320, 4137, 488, 643, 409]
IFI27	612.5	[705, 247, 357, 267, 267, 616, 824, 1250, 872, 367, 641, 1158, 1390, 1003, 2132, 421, 506, 435, 737, 1214, 1257, 382, 511, 748, 586, 739, 665, 208, 1497, 309, 1068, 1030, 715, 1256, 1001, 1058, 240, 260, 670, 225, 388, 1704, 349, 971, 252, 559, 425, 188, 800, 294, 349, 237, 442, 1370, 305, 617, 616, 423, 1718, 1350, 268, 701, 609, 1406, 416, 1789, 1572, 323, 385, 389, 416, 318, 523, 1561, 826, 1181, 235, 261, 1692, 270, 199, 600, 717, 259, 403, 259, 1750, 1068, 321, 1219, 369, 489, 1450, 292, 640, 922, 656, 289, 1109, 1223]
TFF3	629.0	[793, 240, 770, 957, 297, 1220, 499, 790, 1412, 751, 923, 1646, 234, 1789, 554, 366, 1266, 1005, 922, 1334, 771, 368, 241, 577, 95, 986, 2067, 658, 590, 61, 221, 265, 928, 1125, 1008, 376, 394, 370, 606, 89, 638, 249, 377, 509, 273, 788, 996, 504, 488, 709, 693, 826, 1648, 877, 1055, 328, 358, 866, 931, 462, 751, 887, 327, 96, 1101, 436, 370, 142, 598, 645, 182, 636, 1209, 463, 97, 559, 469, 1827, 258, 395, 622, 494, 330, 719, 914, 594, 217, 871, 1186, 531, 1673, 395, 832, 711, 2877, 1540, 319, 1068, 756, 465]
TFR2	753.5	[798, 4328, 350, 882, 693, 1267, 1047, 3291, 581, 979, 1714, 359, 1237, 1415, 1061, 1478, 482, 772, 382, 423, 849, 656, 1091, 601, 481, 973, 858, 1019, 1924, 736, 431, 990, 802, 657, 1451, 3608, 585, 811, 495, 1381, 1000, 864, 594, 941, 1011, 408, 291, 347, 531, 1314, 1088, 473, 518, 830, 894, 568, 670, 634, 470, 461, 1772, 521, 387, 1254, 910, 1627, 377, 771, 1068, 3142, 652, 497, 1112, 1411, 891, 584, 550, 1766, 510, 730, 1991, 2132, 396, 619, 711, 1225, 445, 1537, 893, 341, 554, 573, 651, 408, 393, 296, 667, 371, 1114, 492]
MAS1	807.5	[1632, 4753, 2129, 2018, 255, 356, 184, 3173, 451, 3167, 4657, 70, 390, 2001, 1839, 462, 2497, 638, 323, 5965, 621, 94, 3797, 521, 100, 84, 4209, 2005, 761, 376, 2870, 1540, 2077, 843, 2529, 232, 5664, 5778, 5473, 207, 373, 884, 91, 2903, 1791, 6078, 2201, 2163, 123, 1384, 2139, 201, 922, 4425, 280, 1915, 370, 1265, 184, 686, 1078, 805, 510, 726, 208, 133, 120, 1788, 1168, 2338, 1823, 2055, 5383, 1207, 143, 175, 2520, 518, 204, 114, 159, 1866, 4965, 379, 3333, 342, 137, 197, 893, 1684, 371, 591, 607, 57, 399, 698, 405, 658, 810, 4658]
ICAM2	877.0	[2156, 1089, 427, 1358, 585, 311, 873, 282, 369, 857, 1107, 240, 158, 760, 1357, 288, 723, 404, 897, 769, 1508, 1326, 1267, 709, 802, 1232, 494, 819, 849, 554, 1861, 1732, 349, 1021, 310, 359, 1732, 1795, 363, 1522, 1814, 437, 1495, 700, 3451, 942, 865, 367, 790, 1204, 720, 1658, 881, 693, 1358, 344, 1029, 1807, 705, 1999, 521, 628, 1782, 741, 1036, 1126, 1425, 1608, 440, 1350, 49, 1778, 982, 1133, 1323, 1272, 1515, 2123, 1726, 867, 1045, 313, 726, 281, 2264, 356, 1151, 625, 250, 823, 1608, 1189, 1336, 468, 1439, 583, 2021, 550, 1139, 378]
CHRNB3	901.0	[315, 3002, 6257, 302, 1034, 1443, 1146, 1835, 2169, 3369, 326, 807, 4446, 353, 593, 643, 3823, 664, 3352, 1029, 667, 302, 587, 4571, 1181, 350, 5446, 1686, 1598, 1266, 895, 494, 1301, 3747, 602, 200, 907, 801, 397, 715, 489, 1542, 531, 1606, 800, 222, 494, 712, 1102, 4755, 1283, 306, 839, 1838, 417, 1715, 3433, 443, 3004, 874, 493, 2841, 753, 1029, 2331, 718, 466, 671, 1647, 1938, 713, 6121, 4487, 468, 415, 1381, 335, 248, 686, 295, 1198, 2501, 426, 704, 4535, 600, 2253, 785, 1123, 4814, 424, 204, 711, 3080, 1485, 1012, 440, 1047, 1379, 1497]
SLC26A6	1007.0	[1028, 1006, 772, 724, 146, 1024, 1181, 1042, 1309, 247, 1254, 813, 329, 2193, 1066, 400, 778, 545, 69, 838, 870, 510, 1288, 1264, 3005, 1208, 1590, 2136, 826, 1407, 1639, 795, 90, 724, 1119, 633, 1926, 633, 317, 117, 1413, 262, 2188, 68, 1268, 1541, 2050, 426, 762, 1428, 888, 1532, 1592, 261, 616, 833, 1027, 1146, 1450, 280, 764, 899, 433, 98, 2197, 1276, 1008, 1494, 1052, 995, 1265, 1159, 882, 2249, 2007, 1805, 767, 1790, 1566, 562, 261, 1269, 1703, 2600, 715, 1932, 809, 313, 2716, 2001, 923, 630, 382, 1659, 476, 100, 733, 1904, 831, 1969]
LCP1	1017.0	[48, 659, 72, 2653, 4055, 452, 5909, 3774, 5996, 7, 5904, 5479, 4981, 31, 6327, 1419, 747, 143, 3493, 5633, 43, 467, 234, 210, 1071, 565, 963, 35, 1414, 6144, 5, 4213, 4193, 4938, 186, 33, 2313, 88, 5404, 437, 157, 23, 92, 70, 2726, 7, 34, 18, 164, 22, 1782, 5019, 116, 6188, 3092, 3960, 1308, 75, 49, 2080, 1948, 111, 3214, 20, 230, 68, 13, 79, 1961, 505, 1215, 5529, 5299, 1216, 2163, 3914, 5767, 3888, 49, 788, 4715, 1114, 2917, 874, 2088, 3161, 766, 36, 2192, 97, 10, 131, 3443, 273, 4224, 5238, 6078, 488, 1148, 763]
RBP1	1028.5	[910, 377, 850, 165, 1576, 3556, 2883, 1479, 52, 2511, 186, 1781, 3433, 3294, 5891, 83, 1409, 3266, 984, 713, 531, 2722, 4139, 867, 203, 1413, 391, 5221, 3666, 188, 83, 788, 793, 1936, 1326, 2130, 183, 1350, 307, 447, 833, 2772, 3285, 2493, 3472, 2173, 1516, 1561, 2221, 1680, 5113, 1511, 123, 231, 1829, 1263, 806, 593, 5187, 571, 193, 560, 1047, 2063, 148, 883, 4042, 640, 216, 5301, 69, 187, 592, 5994, 284, 608, 3472, 110, 839, 251, 733, 764, 3603, 1054, 2422, 1885, 1010, 1317, 2667, 195, 1538, 50, 449, 2002, 839, 586, 2933, 64, 463, 1969]
SEC24D	1060.0	[637, 5253, 1314, 455, 1176, 1247, 1198, 997, 1421, 2172, 675, 806, 906, 857, 793, 464, 942, 930, 1827, 1496, 1438, 3358, 1311, 902, 486, 1167, 2389, 1909, 925, 1279, 578, 3901, 368, 1125, 961, 882, 539, 1994, 545, 658, 1515, 948, 604, 1099, 1540, 796, 2615, 1661, 1888, 1005, 1021, 1195, 860, 433, 946, 962, 645, 1475, 1274, 3415, 475, 645, 4002, 504, 1526, 1463, 352, 1720, 1314, 4399, 1454, 453, 1274, 1722, 2189, 2063, 1935, 1099, 690, 2673, 1880, 794, 886, 1140, 1111, 390, 2946, 3061, 1493, 1331, 370, 687, 815, 710, 898, 826, 935, 178, 904, 881]
C4A	1078.0	[1190, 1692, 35, 727, 1435, 153, 374, 609, 2982, 4018, 5246, 1313, 225, 1057, 473, 3141, 303, 1750, 369, 2017, 4928, 257, 52, 6299, 2612, 2740, 4843, 4814, 2936, 844, 1228, 1476, 1894, 295, 831, 421, 1054, 837, 1232, 413, 2129, 633, 80, 117, 659, 353, 1092, 1496, 2380, 1064, 2807, 4130, 1523, 3954, 642, 293, 3645, 1270, 1148, 189, 732, 1023, 342, 439, 1634, 743, 3620, 3060, 55, 1331, 2536, 1452, 1842, 4313, 67, 1111, 132, 410, 1284, 1344, 2326, 4030, 211, 599, 2559, 5703, 374, 15, 939, 2388, 615, 967, 619, 682, 4911, 692, 689, 1058, 4786, 296]
CD37	1111.0	[68, 534, 367, 2389, 758, 997, 160, 999, 261, 5478, 1159, 1069, 1921, 3144, 606, 1758, 2758, 719, 20, 345, 573, 1850, 1528, 359, 701, 2391, 1441, 326, 833, 2090, 732, 1028, 2904, 1456, 1040, 300, 3953, 1291, 340, 382, 247, 2203, 196, 1399, 4345, 944, 215, 2662, 805, 1708, 2313, 1493, 1789, 598, 1217, 2321, 1345, 1097, 1981, 1599, 1988, 2425, 473, 2912, 1590, 738, 670, 984, 1744, 2423, 2333, 3765, 1031, 226, 967, 169, 817, 273, 650, 1232, 1985, 1360, 1627, 592, 1117, 2970, 3927, 1461, 360, 1102, 2196, 638, 2361, 1312, 1250, 912, 1105, 1391, 243, 531]
GRIN2A	1184.5	[1417, 1979, 588, 310, 1832, 1208, 1679, 443, 2309, 934, 777, 805, 323, 1839, 2135, 957, 2727, 190, 972, 2224, 1153, 1832, 766, 510, 1137, 831, 722, 395, 1405, 1169, 1190, 1102, 782, 772, 1081, 1179, 1191, 1905, 825, 1242, 326, 1430, 828, 970, 1617, 1405, 1179, 1527, 1998, 322, 848, 2006, 1936, 1911, 1123, 1077, 1325, 691, 1455, 1331, 376, 1413, 976, 583, 596, 2489, 2306, 443, 1864, 711, 2171, 524, 1065, 1420, 1368, 1588, 2249, 2064, 737, 1565, 317, 2674, 1300, 878, 3404, 644, 1825, 661, 2807, 962, 617, 1255, 1435, 1759, 1223, 1774, 1653, 1276, 594, 947]
VAPB	1224.0	[370, 1706, 947, 1608, 299, 92, 647, 1878, 896, 548, 470, 560, 954, 558, 3321, 1282, 2273, 1660, 2442, 1030, 650, 2027, 295, 1521, 2758, 904, 571, 739, 464, 2598, 2011, 1704, 1247, 1371, 1006, 2145, 915, 1309, 306, 2016, 1415, 854, 1402, 743, 322, 377, 1034, 2379, 1478, 3400, 680, 1555, 1249, 543, 1050, 1835, 710, 1874, 320, 410, 2388, 1468, 2256, 1045, 1943, 915, 526, 1063, 1395, 597, 1323, 244, 1201, 1354, 1534, 395, 715, 1042, 631, 1269, 1570, 3494, 705, 1100, 705, 1971, 582, 1808, 3947, 613, 1961, 533, 1764, 2421, 1848, 557, 2008, 3083, 1509, 1289]
KCNAB1	1310.5	[746, 1344, 1024, 1346, 1487, 1658, 739, 2306, 541, 948, 505, 1060, 699, 1580, 1118, 1383, 1317, 1724, 1834, 1558, 1052, 897, 644, 681, 1055, 504, 964, 2879, 1606, 1305, 862, 1852, 1769, 2026, 1996, 880, 1057, 813, 960, 880, 1003, 1477, 866, 1472, 569, 1589, 1959, 1785, 1287, 1341, 1417, 2155, 2872, 1227, 771, 1346, 1934, 3086, 912, 1696, 2121, 1881, 931, 1156, 1027, 352, 1379, 973, 1919, 1694, 1776, 719, 415, 1024, 566, 1588, 748, 890, 1599, 548, 1722, 993, 1667, 1070, 1182, 1952, 1604, 719, 4540, 1495, 590, 1737, 1142, 1128, 1488, 3752, 1316, 871, 2065, 1524]
MYO5B	1339.0	[1802, 955, 2942, 158, 1123, 890, 683, 573, 1633, 548, 1812, 802, 289, 330, 2369, 517, 229, 253, 423, 230, 1379, 234, 537, 4955, 1672, 2170, 2955, 1098, 202, 2037, 531, 538, 2528, 840, 203, 1694, 758, 2880, 2508, 462, 3622, 766, 1364, 1393, 3023, 5604, 2051, 4048, 466, 590, 1314, 2121, 2427, 2519, 897, 879, 886, 416, 996, 979, 1658, 2995, 3032, 600, 875, 1422, 1562, 1576, 552, 3323, 2196, 3793, 1273, 1988, 1622, 755, 143, 2502, 3530, 1629, 1622, 353, 1949, 2881, 516, 3859, 934, 3788, 264, 1457, 366, 2345, 2339, 178, 1209, 2377, 1582, 244, 835, 2776]
ERBB2	1350.5	[2866, 3705, 3982, 220, 2303, 526, 2320, 426, 1697, 1596, 3223, 596, 1248, 886, 1704, 255, 2064, 2925, 625, 1432, 2141, 2743, 1267, 1641, 3956, 1093, 210, 1475, 426, 265, 4005, 384, 509, 600, 1476, 567, 770, 2582, 291, 2061, 3061, 2232, 2180, 690, 2339, 2503, 1733, 313, 1555, 683, 952, 1210, 1694, 1052, 1395, 2043, 618, 757, 507, 2456, 1646, 2704, 873, 2598, 329, 3090, 2506, 1713, 1315, 214, 796, 1677, 808, 879, 3078, 670, 1386, 632, 1066, 1156, 3662, 359, 1056, 1848, 1670, 622, 1308, 889, 1119, 736, 2538, 491, 133, 3081, 1258, 1577, 2196, 558, 3482, 2179]
PTAFR	1492.0	[632, 4612, 4179, 383, 2030, 4003, 1507, 386, 5244, 601, 2017, 757, 2249, 1752, 2506, 506, 3606, 3431, 1871, 312, 1628, 1057, 465, 2803, 4131, 1877, 624, 1477, 760, 2196, 836, 570, 3492, 912, 1439, 907, 1700, 1509, 3050, 3057, 4839, 1526, 2284, 2343, 2963, 755, 534, 732, 613, 2095, 2484, 719, 2194, 1354, 4975, 423, 1360, 1172, 2172, 750, 2362, 1084, 1234, 1213, 1323, 3371, 802, 713, 2152, 697, 660, 1975, 222, 3429, 1726, 2661, 1316, 2933, 836, 1406, 2006, 801, 1434, 1126, 1727, 4668, 4486, 918, 934, 849, 541, 1854, 4778, 2567, 3324, 1013, 1025, 586, 1837, 1324]
KRT19	1534.5	[766, 2563, 1490, 297, 976, 1638, 313, 1567, 2091, 1167, 328, 1795, 3034, 4564, 1504, 2289, 1691, 572, 749, 3533, 1781, 1410, 3729, 882, 2496, 1074, 927, 261, 1975, 1417, 179, 4396, 1853, 1224, 1733, 3151, 1529, 2906, 1174, 494, 4483, 2003, 443, 181, 4508, 2006, 386, 3507, 3432, 859, 2121, 585, 3172, 490, 2504, 568, 3582, 717, 3030, 1540, 1245, 1805, 1415, 3657, 1798, 2554, 103, 362, 928, 319, 1406, 206, 759, 2318, 2820, 1075, 4839, 2783, 226, 508, 130, 2439, 4403, 2598, 2072, 517, 3526, 944, 1125, 4309, 1118, 1781, 651, 1940, 1409, 383, 2811, 3228, 134, 2587]
LRPAP1	1542.0	[914, 1533, 422, 456, 3636, 1207, 1882, 1214, 1333, 3746, 423, 2484, 592, 4690, 4950, 434, 5113, 1586, 4655, 2071, 997, 199, 584, 419, 1561, 3093, 1957, 356, 1662, 5191, 4106, 5730, 2099, 537, 1278, 2114, 2349, 2380, 625, 1611, 4390, 897, 1617, 213, 1285, 429, 2585, 959, 2009, 1419, 2043, 896, 3100, 711, 1635, 191, 1858, 1383, 1048, 4854, 1078, 670, 1624, 1397, 2821, 5124, 959, 768, 179, 221, 435, 296, 4121, 2208, 2797, 1791, 3741, 3636, 916, 718, 3288, 940, 1427, 2990, 152, 2405, 1551, 2850, 1281, 1206, 1002, 1745, 1920, 1438, 1035, 653, 2791, 3616, 2157, 1392]
AMPD2	1554.0	[1124, 1018, 753, 1768, 2313, 1373, 1636, 2185, 1695, 1934, 1764, 2657, 1632, 1709, 1401, 1831, 1348, 1566, 1029, 1322, 2907, 1627, 1564, 876, 704, 1441, 1022, 1243, 1335, 814, 1630, 765, 1922, 953, 1696, 1377, 2257, 1554, 1440, 1814, 1695, 1532, 1333, 1900, 1207, 1342, 1541, 372, 1854, 2383, 1471, 1068, 1554, 1716, 2179, 811, 1587, 2996, 957, 1321, 2264, 2127, 2472, 1350, 2286, 3767, 2399, 1955, 974, 1740, 1878, 1508, 1007, 1049, 2455, 426, 1484, 402, 2288, 1712, 618, 1182, 1657, 1338, 2506, 1318, 1699, 2495, 1396, 2445, 2626, 882, 713, 4234, 1511, 821, 3254, 1969, 1394, 832]
MAP4K1	1582.0	[1806, 1567, 3046, 1392, 341, 1631, 432, 5143, 2394, 3686, 2357, 2550, 2465, 2100, 295, 2337, 1645, 2559, 3286, 1537, 5639, 1583, 2411, 2150, 721, 3438, 1292, 1535, 1790, 2744, 1645, 448, 435, 559, 2195, 1713, 1173, 1435, 709, 1895, 637, 1305, 1263, 905, 936, 2869, 867, 1206, 1212, 781, 4118, 1202, 3064, 2620, 759, 599, 5579, 1574, 2508, 3042, 1770, 1041, 4283, 4056, 473, 438, 1520, 3541, 1894, 895, 648, 690, 2254, 1998, 2498, 1414, 1504, 2493, 1041, 971, 1845, 2128, 1524, 940, 1314, 4733, 557, 1818, 4418, 3762, 3754, 1581, 1447, 1156, 411, 852, 1117, 2872, 2594, 482]
SMARCB1	1588.0	[3685, 594, 1666, 2837, 58, 2000, 2881, 1790, 1611, 1847, 2249, 1384, 2885, 3108, 3907, 1408, 1098, 790, 2157, 3187, 2705, 3435, 2666, 2685, 1365, 2457, 1004, 1613, 508, 3465, 352, 764, 1465, 192, 1640, 518, 2894, 3777, 2015, 1088, 1937, 1507, 87, 2723, 1079, 2068, 3717, 1000, 953, 868, 546, 453, 296, 2997, 96, 1037, 282, 1066, 421, 2272, 502, 342, 540, 297, 1064, 2298, 2954, 4063, 769, 4168, 1783, 815, 2555, 578, 2339, 381, 78, 37, 1180, 2669, 792, 2655, 1079, 1472, 2556, 616, 4303, 3161, 2404, 1260, 2540, 3426, 1747, 3843, 3709, 1565, 327, 1491, 4399, 1161]
MYB	1760.0	[2549, 2308, 1622, 1142, 943, 934, 2063, 1903, 1679, 1016, 1126, 1852, 1224, 1269, 920, 2544, 1377, 2264, 2839, 1886, 1118, 2625, 3233, 3281, 2343, 1574, 2187, 939, 2055, 879, 1208, 1494, 2003, 1752, 639, 1962, 1166, 443, 854, 426, 2122, 1079, 1902, 807, 3043, 2806, 1738, 1768, 1954, 2060, 2061, 1714, 2135, 2401, 2167, 1041, 3118, 1488, 1920, 2252, 1815, 1643, 2012, 1493, 2115, 1979, 1856, 1511, 2676, 970, 1096, 2773, 1407, 844, 964, 3080, 1976, 1299, 1001, 2001, 1722, 1777, 1319, 1152, 1539, 2634, 2372, 2010, 1564, 2241, 2448, 1555, 1265, 1913, 2745, 2368, 912, 1328, 862, 1724]
RFPL3	1960.0	[5786, 40, 5119, 540, 6154, 167, 465, 6329, 302, 19, 2451, 6413, 6315, 303, 95, 62, 31, 6455, 5080, 592, 4558, 25, 786, 387, 5399, 6359, 4078, 6005, 64, 1334, 44, 324, 1531, 6391, 2032, 6160, 4555, 2858, 97, 58, 3625, 3560, 223, 2948, 5843, 5133, 1782, 176, 43, 5385, 6358, 5956, 6473, 9, 115, 5898, 1083, 1564, 1251, 251, 1888, 128, 6425, 445, 6359, 6455, 2879, 6224, 3286, 3263, 166, 442, 410, 6247, 34, 146, 4402, 4191, 6126, 6312, 349, 830, 190, 33, 6476, 169, 5232, 6033, 1140, 5534, 6129, 110, 2095, 3378, 549, 2946, 863, 84, 36, 4091]
LRMP	2005.5	[2447, 2255, 1638, 1604, 3836, 2970, 2154, 1275, 2409, 1982, 1184, 2371, 2383, 1879, 2760, 2328, 2182, 1150, 923, 2200, 1167, 1259, 2623, 1408, 3427, 1082, 3166, 2339, 1237, 2215, 1104, 2535, 1528, 2278, 2474, 634, 1554, 1922, 1480, 2452, 2081, 1563, 1714, 2332, 2935, 2147, 1362, 1706, 1122, 660, 2377, 2318, 2099, 2029, 2294, 2081, 1134, 1725, 1492, 1467, 922, 596, 2618, 1060, 1462, 2638, 3263, 2365, 2668, 1750, 795, 1848, 1774, 3487, 2646, 1471, 2308, 2276, 1819, 1525, 3342, 1910, 1696, 2481, 2088, 1575, 1419, 1847, 1617, 1626, 1630, 2053, 2383, 1938, 2162, 1598, 3724, 2566, 2651, 2613]
MYO5A	2007.5	[154, 432, 2846, 2474, 2365, 1775, 2650, 2132, 2863, 2273, 2146, 2511, 2642, 1241, 521, 2170, 960, 2109, 1780, 456, 2983, 1927, 1974, 2045, 2726, 1886, 1437, 1843, 2142, 1241, 2627, 2501, 1317, 2110, 1538, 1905, 2813, 324, 1187, 1030, 2379, 1982, 1083, 2244, 1526, 2462, 2404, 2077, 2748, 2301, 2089, 1461, 1196, 2963, 2273, 2898, 2008, 3014, 775, 2702, 2000, 1230, 2094, 1486, 3449, 3027, 2511, 244, 1933, 1137, 1392, 1621, 269, 2731, 1916, 2958, 2816, 1935, 1865, 1883, 670, 1197, 2007, 2837, 869, 739, 1276, 798, 730, 2225, 2702, 2419, 2167, 2622, 2342, 1590, 1864, 2062, 1291, 2438]
REC8	2050.5	[837, 3308, 5207, 823, 1902, 1246, 194, 3033, 6142, 5655, 529, 1245, 1047, 2459, 4569, 1502, 1552, 1833, 1525, 904, 4533, 1577, 746, 1672, 2855, 1538, 3612, 5047, 2030, 1391, 4628, 901, 4221, 4938, 5610, 980, 1597, 3687, 2998, 1491, 1347, 3467, 3516, 2490, 409, 5504, 686, 4513, 658, 2024, 4055, 1427, 909, 5451, 3278, 1668, 4015, 3167, 1580, 340, 948, 5187, 2071, 1239, 5732, 3724, 2457, 5356, 1805, 4264, 5648, 2765, 2159, 4959, 1728, 3866, 5053, 1689, 1096, 1443, 2581, 3180, 1045, 1587, 3795, 2547, 3444, 396, 674, 5768, 515, 1240, 741, 4732, 2929, 1452, 2890, 4481, 1978, 1123]
BCL7B	2091.0	[4189, 4769, 1515, 300, 3642, 1151, 448, 4623, 500, 703, 1036, 4738, 3562, 81, 2634, 5492, 4630, 4212, 3357, 1467, 1125, 332, 2447, 777, 4969, 3019, 375, 2178, 4986, 3738, 3512, 658, 1334, 1466, 1087, 2712, 4078, 4737, 4910, 1478, 624, 5369, 5423, 4551, 696, 1388, 638, 569, 5346, 3636, 1332, 696, 2643, 4149, 3333, 3472, 2206, 1704, 2649, 2986, 1013, 4839, 2999, 889, 1647, 2768, 5072, 1787, 5563, 2149, 437, 695, 1788, 5592, 1209, 1892, 747, 3690, 372, 1395, 4711, 5133, 1637, 1849, 2633, 1126, 2784, 2033, 2582, 1112, 2024, 4036, 485, 917, 2946, 2027, 419, 485, 6285, 1981]
KRT1	2266.5	[1106, 2649, 43, 3774, 2966, 5712, 2411, 5021, 538, 98, 1923, 3353, 1073, 300, 5972, 5804, 117, 4694, 652, 2481, 5482, 3008, 2418, 832, 5209, 426, 5366, 296, 662, 3088, 5396, 790, 247, 4312, 3574, 1497, 1494, 5788, 5503, 5208, 4013, 1484, 4358, 1380, 1541, 5898, 1541, 988, 5886, 3750, 235, 4127, 3938, 3412, 723, 138, 5365, 6079, 1294, 1855, 1890, 5065, 1961, 2102, 967, 195, 274, 5285, 1504, 2519, 877, 4232, 331, 4222, 2122, 777, 6149, 6269, 981, 2627, 3452, 121, 344, 2054, 108, 909, 5329, 51, 3500, 2938, 3401, 5332, 1771, 1193, 34, 1047, 4802, 4752, 2865, 576]
SIX1	2350.5	[3598, 3650, 4326, 2744, 5001, 309, 866, 1660, 1975, 796, 1829, 3568, 2217, 2397, 1085, 1424, 1624, 1028, 4262, 2624, 614, 2143, 2283, 1141, 3263, 4583, 3747, 1915, 3565, 3755, 5733, 3024, 3979, 1948, 4846, 1880, 3436, 4375, 1676, 2144, 1521, 1705, 2127, 3626, 2047, 2328, 1917, 1695, 3432, 3347, 2496, 2373, 3935, 1345, 1641, 3952, 3859, 5728, 257, 1968, 2408, 2479, 347, 1467, 2107, 1981, 3086, 3253, 1429, 774, 3349, 4679, 4685, 1592, 590, 2906, 4027, 1478, 3303, 2696, 2460, 1622, 2640, 1414, 5585, 4214, 3219, 1820, 3033, 1861, 2241, 2134, 2675, 1188, 4597, 2793, 1254, 1793, 1166, 2529]
ATOH1	2622.0	[3709, 1850, 2896, 2024, 816, 3272, 5845, 5544, 3197, 3561, 5802, 2585, 1906, 595, 4048, 1072, 1455, 5705, 553, 2303, 6212, 6030, 369, 6120, 1815, 5970, 6022, 601, 280, 6228, 649, 938, 5999, 331, 395, 321, 271, 3515, 4030, 4395, 6197, 5798, 3983, 5746, 288, 1569, 1667, 700, 359, 2424, 5912, 4956, 1009, 397, 123, 5985, 538, 406, 331, 2932, 303, 380, 1194, 473, 5765, 5689, 5494, 2215, 550, 4888, 6133, 3573, 221, 6219, 812, 1979, 5538, 2659, 1959, 473, 5953, 744, 4511, 77, 1933, 6100, 725, 6343, 2818, 4152, 4440, 4716, 5814, 5654, 1543, 5897, 5133, 971, 5181, 1056]
CTAG2	2860.5	[4034, 2103, 5609, 2004, 2340, 2657, 2288, 1961, 127, 5582, 6227, 6240, 804, 3129, 6185, 1704, 4991, 300, 2590, 5042, 26, 138, 4514, 2686, 6399, 997, 1874, 2948, 771, 748, 5368, 999, 6357, 2631, 2283, 6264, 1569, 5838, 3855, 310, 444, 6273, 5809, 5751, 4978, 6358, 5901, 246, 3059, 5620, 4154, 156, 1927, 543, 114, 2773, 387, 6110, 317, 3475, 4673, 1114, 4743, 3362, 1857, 6027, 4644, 6038, 3133, 2819, 79, 4093, 2896, 5834, 2782, 2468, 2656, 5033, 3908, 306, 2571, 3849, 1736, 5111, 6338, 640, 5320, 1029, 4437, 4907, 2405, 6256, 5436, 3560, 1322, 2825, 1772, 235, 4072, 1454]
GAGE7	2988.0	[230, 1606, 6183, 2387, 3592, 4728, 3009, 4343, 517, 3841, 216, 796, 482, 1418, 3971, 2590, 4607, 335, 1224, 1309, 4971, 4091, 6310, 3441, 5618, 2882, 6353, 912, 2891, 3798, 353, 3545, 3863, 3389, 1608, 5683, 3903, 6105, 6311, 3268, 5166, 2042, 607, 4430, 2277, 6190, 6301, 3583, 972, 2276, 5091, 494, 5118, 1098, 4627, 5249, 739, 4015, 1599, 5969, 5073, 2441, 5850, 4967, 435, 1208, 289, 348, 575, 818, 716, 5017, 245, 1468, 288, 2041, 1037, 2187, 1187, 2259, 6196, 701, 6423, 2967, 5969, 5874, 4645, 5701, 3576, 786, 581, 6458, 5016, 1184, 269, 6144, 2293, 151, 5379, 6371]
GRP	3025.0	[2700, 1406, 2193, 4677, 5012, 906, 880, 2581, 3358, 5352, 2501, 1677, 1710, 196, 1461, 4903, 1748, 3728, 1197, 4886, 3485, 2612, 2340, 4208, 4475, 3975, 4529, 1055, 3184, 3166, 563, 4584, 3147, 3296, 3495, 4177, 2958, 5632, 5617, 4746, 4026, 3554, 5884, 4236, 1887, 774, 4018, 990, 1303, 4948, 1029, 1946, 1070, 2063, 3658, 714, 233, 389, 4296, 2792, 441, 4213, 4376, 4763, 1042, 5105, 3011, 3408, 2879, 2821, 2480, 3539, 1934, 360, 4936, 961, 2401, 4426, 1100, 3666, 1157, 5057, 1283, 4602, 3053, 3206, 2450, 3853, 1601, 912, 3039, 5013, 4885, 4429, 2943, 842, 301, 2129, 3817, 3988]
CDH17	3047.5	[4536, 6370, 3619, 3285, 507, 4494, 1671, 4997, 2368, 3499, 505, 2546, 3509, 3015, 3740, 3971, 3078, 1022, 1961, 5266, 3417, 2652, 2850, 2424, 5974, 1711, 2489, 5494, 5609, 3666, 1450, 1100, 1591, 1648, 4131, 3551, 3329, 4960, 3017, 3822, 563, 2438, 2292, 5358, 3433, 2975, 4549, 2168, 3506, 2448, 2987, 5068, 3655, 671, 3625, 4219, 4188, 1072, 3983, 3881, 4402, 959, 916, 736, 3156, 4765, 4783, 2812, 4997, 5311, 4051, 1445, 665, 1914, 4859, 518, 4902, 4157, 663, 3544, 4646, 731, 1197, 1029, 2774, 2244, 5023, 4501, 429, 1895, 4790, 5656, 1038, 724, 559, 1607, 5120, 577, 666, 1327]
ZNF124	3197.0	[2112, 2171, 3074, 4591, 2004, 1049, 1724, 65, 610, 4248, 6320, 253, 4769, 5182, 2937, 4726, 2279, 3408, 3869, 4414, 4474, 4867, 439, 702, 4173, 4360, 3832, 2116, 2592, 3826, 929, 2244, 5676, 133, 4077, 4014, 4637, 3306, 3333, 4653, 6244, 4173, 1645, 818, 3559, 2033, 3069, 2267, 6280, 2568, 3463, 1311, 4327, 4741, 625, 4585, 621, 1760, 1378, 1689, 1362, 6399, 923, 5267, 879, 5820, 2434, 1068, 2418, 3243, 3744, 5603, 593, 3270, 4004, 4601, 2371, 5930, 4575, 2197, 329, 247, 4779, 1708, 2116, 3733, 3244, 3084, 4168, 654, 4239, 3194, 3302, 2082, 1334, 5184, 1955, 3404, 3107, 3200]
EVI5	3397.5	[118, 1410, 1345, 4296, 5068, 3330, 4007, 3915, 2470, 3089, 2107, 2279, 5733, 4295, 3965, 3917, 1443, 3699, 4143, 4175, 3329, 2122, 3340, 4540, 3151, 1805, 4497, 3546, 2772, 2265, 1253, 2074, 6105, 1707, 2099, 5446, 3994, 5313, 3713, 2371, 3018, 3136, 5497, 2583, 4679, 3802, 3600, 2107, 741, 5103, 3547, 1061, 1095, 3780, 4435, 3606, 2670, 4727, 3802, 3176, 4325, 4243, 3678, 4763, 3829, 1917, 3759, 1258, 1729, 4121, 5787, 3504, 1799, 5495, 5081, 1397, 2696, 3703, 4139, 3242, 3719, 4572, 3626, 3860, 2004, 1760, 1896, 3244, 1622, 2684, 2502, 796, 3306, 2406, 5347, 3223, 3815, 2278, 1104, 3455]
GPR12	3491.0	[574, 824, 722, 5855, 894, 571, 5379, 3433, 1055, 3647, 5728, 5451, 5591, 1600, 4939, 384, 2958, 184, 460, 2094, 132, 1593, 3342, 5849, 4768, 1314, 5619, 2223, 987, 5735, 5308, 239, 1635, 4798, 5687, 5876, 389, 5843, 1919, 550, 3549, 3008, 647, 3332, 5307, 6105, 1806, 5622, 5936, 3217, 431, 207, 461, 5110, 4794, 5320, 402, 5620, 192, 4780, 4883, 5618, 5569, 5455, 5539, 3625, 1628, 5703, 113, 5284, 4398, 2502, 5847, 1606, 5445, 337, 3879, 354, 162, 2740, 5752, 5619, 474, 603, 1539, 5566, 4662, 5890, 5586, 694, 4952, 418, 2743, 4886, 5091, 185, 4704, 5675, 5989, 172]
RBP3	3579.5	[1825, 5369, 5736, 533, 6225, 1609, 213, 122, 6398, 2119, 5238, 345, 5742, 3855, 5338, 3966, 421, 554, 6484, 567, 2947, 365, 4489, 4896, 1694, 2832, 3894, 2304, 861, 275, 866, 4776, 1965, 5743, 4809, 5237, 6355, 807, 26, 2567, 5693, 2008, 2828, 2268, 3395, 6315, 6469, 4864, 3252, 5602, 1121, 4152, 5504, 5806, 3752, 5763, 6038, 1120, 6456, 3833, 449, 5601, 5370, 2244, 4403, 6350, 6039, 3407, 6396, 3972, 1079, 604, 3327, 3184, 21, 903, 4557, 720, 6431, 4102, 1569, 2842, 53, 3243, 3225, 1074, 5661, 6238, 6100, 4404, 1958, 5106, 2755, 2452, 4627, 5238, 1516, 4869, 12, 6489]
PARG	3589.0	[233, 2791, 4137, 2414, 1118, 5090, 5376, 6145, 2275, 4441, 2988, 4233, 523, 3019, 1293, 1658, 2101, 5842, 228, 5496, 3251, 4031, 5258, 5663, 3064, 6107, 2605, 4083, 2663, 5843, 4084, 3312, 3238, 4461, 3049, 6199, 2543, 3998, 5005, 4967, 2633, 332, 4230, 6019, 6195, 3294, 1580, 361, 4332, 6147, 97, 4439, 4362, 1272, 2156, 2273, 4238, 4459, 6109, 5862, 4066, 4867, 1361, 3720, 5869, 584, 4699, 3779, 1992, 4518, 4048, 685, 838, 4306, 3489, 1407, 3554, 1609, 4183, 3417, 2645, 889, 3781, 3152, 3264, 504, 2851, 1149, 3507, 3883, 2524, 3825, 4411, 3624, 4592, 694, 5480, 4715, 1675, 5606]
CHGB	4525.0	[516, 54, 1214, 4209, 5831, 5812, 549, 5203, 4509, 4093, 1531, 6380, 2950, 6005, 4969, 5640, 1105, 6429, 5954, 4791, 2748, 1058, 5164, 5147, 1853, 632, 5124, 5481, 6068, 477, 5540, 5638, 1760, 5326, 6071, 6400, 4773, 568, 5318, 6173, 6333, 4121, 6311, 1082, 6393, 531, 6083, 54, 839, 2462, 32, 6343, 3512, 5015, 1288, 393, 1284, 3858, 6234, 320, 3460, 517, 6373, 757, 5631, 6131, 6116, 1327, 1707, 4541, 4437, 5711, 3612, 6006, 6280, 1651, 3586, 5949, 4809, 4940, 5667, 52, 1756, 439, 1929, 2604, 1412, 6133, 3410, 5897, 1038, 6359, 6351, 6254, 2129, 1366, 6266, 747, 5265, 5931]
IDH3G	4805.0	[5991, 3912, 5927, 5044, 4764, 3327, 5730, 3121, 4753, 1882, 5559, 6093, 5324, 4102, 5493, 631, 4930, 1189, 6177, 6133, 1866, 3392, 4897, 5908, 6093, 4091, 6154, 3692, 5525, 608, 4070, 6028, 6250, 6158, 432, 2043, 4893, 5909, 218, 5214, 5740, 3992, 6173, 5460, 2901, 4932, 5104, 4400, 5171, 1626, 3610, 2544, 3485, 4846, 5803, 5342, 5991, 6167, 3604, 5640, 3661, 4023, 5586, 3551, 4407, 5585, 6037, 5908, 5476, 6161, 2551, 2435, 5915, 5719, 3697, 4487, 5484, 5260, 3728, 6030, 5800, 1904, 3425, 3322, 5930, 86, 3698, 801, 6097, 3643, 855, 6118, 4232, 4338, 2338, 4294, 4515, 6248, 3688, 4372]
