Gene	Median Rank	Full Ranks
UGT2B11	4.0	[1, 4, 6, 1, 1, 8, 4, 16, 24, 11, 12, 2, 3, 5, 3, 9, 27, 476, 1, 5, 22, 4, 2, 5, 6, 3, 6, 4, 2, 2, 4, 25, 4, 5, 5, 82, 1, 2, 1, 33, 37, 60, 3, 1, 2, 3, 3, 1, 1, 1, 14, 54, 3, 8, 1, 2, 311, 11, 1, 1, 2, 29, 22, 7, 4, 5, 33, 1, 28, 3, 396, 4, 1, 8, 1, 5, 2, 221, 1, 1, 29, 1, 14, 11, 8, 1, 19, 24, 8, 3, 3, 2, 3, 23, 15, 70, 2, 5, 15, 1]
OR52A1	10.0	[10, 7, 15, 8, 24, 14, 4, 10, 21, 11, 8, 8, 12, 5, 8, 4, 14, 8, 7, 5, 12, 12, 12, 4, 10, 4, 5, 11, 16, 18, 19, 3, 17, 10, 17, 5, 5, 4, 7, 7, 7, 14, 29, 5, 14, 8, 8, 10, 8, 13, 3, 10, 12, 9, 14, 5, 16, 8, 32, 11, 10, 10, 6, 5, 31, 12, 15, 21, 16, 6, 26, 3, 10, 35, 13, 5, 20, 16, 14, 20, 11, 10, 6, 4, 11, 14, 8, 18, 9, 10, 5, 13, 7, 143, 20, 8, 13, 8, 9, 45]
OR10H1	13.0	[3, 14, 5, 12, 10, 11, 13, 2, 13, 20, 5, 24, 10, 9, 22, 25, 8, 16, 5, 16, 5, 8, 14, 19, 12, 6, 20, 9, 13, 2, 3, 12, 15, 16, 6, 18, 4, 3, 13, 12, 12, 20, 17, 5, 13, 2, 17, 15, 12, 8, 40, 4, 5, 13, 10, 16, 12, 9, 23, 10, 13, 9, 14, 19, 13, 25, 22, 22, 14, 63, 23, 15, 15, 14, 17, 12, 10, 48, 13, 4, 20, 6, 7, 25, 2, 16, 16, 22, 12, 4, 14, 22, 9, 8, 11, 12, 21, 25, 9, 16]
HLA-DPB1	14.0	[10, 11, 11, 20, 14, 59, 8, 9, 8, 10, 3, 6, 35, 101, 230, 2, 9, 22, 13, 51, 16, 9, 661, 26, 8, 89, 71, 9, 53, 11, 39, 7, 6, 32, 6, 16, 34, 3, 9, 16, 22, 261, 28, 12, 43, 16, 15, 51, 7, 14, 13, 15, 10, 600, 90, 24, 6, 5, 22, 15, 75, 23, 8, 14, 9, 9, 16, 4, 7, 13, 63, 2, 9, 46, 12, 9, 51, 466, 12, 8, 8, 138, 7, 7, 5, 75, 13, 6, 7, 26, 14, 35, 15, 21, 1079, 14, 9, 14, 9, 4]
DAZ4	14.5	[27, 105, 175, 10, 20, 12, 10, 25, 9, 19, 23, 17, 8, 12, 7, 2, 6, 37, 41, 10, 18, 349, 153, 15, 8, 25, 6, 4, 20, 104, 23, 6, 9, 27, 59, 306, 9, 192, 6, 636, 29, 16, 8, 17, 3, 809, 3201, 10, 8, 6, 8, 31, 14, 17, 48, 34, 10, 13, 7, 157, 7, 21, 6, 12, 2, 13, 15, 3, 876, 24, 140, 68, 6, 20, 29, 5, 184, 30, 11, 4, 5, 8, 5, 8, 19, 46, 15, 4, 11, 13, 7, 10, 10, 7, 418, 3647, 3, 16, 6, 32]
PDZK1	20.0	[28, 34, 17, 31, 29, 23, 18, 14, 12, 29, 7, 8, 67, 12, 11, 26, 65, 14, 14, 24, 16, 10, 37, 27, 14, 11, 55, 12, 140, 14, 48, 14, 12, 33, 495, 17, 12, 29, 10, 10, 15, 53, 97, 18, 33, 19, 50, 42, 48, 169, 10, 14, 15, 12, 30, 15, 9, 30, 21, 11, 491, 22, 51, 59, 152, 18, 9, 7, 18, 15, 25, 22, 18, 16, 57, 92, 61, 19, 14, 81, 15, 23, 320, 23, 54, 157, 20, 23, 24, 28, 6, 8, 19, 20, 20, 18, 17, 10, 49, 28]
S100A9	22.5	[10, 40, 17, 1172, 18, 6, 18, 57, 23, 24, 164, 15, 9, 18, 11, 12, 10, 638, 8, 9, 284, 46, 8, 84, 9, 11, 20, 9, 19, 85, 853, 9, 253, 44, 24, 9, 79, 16, 5, 7, 9, 51, 604, 53, 237, 9, 32, 25, 16, 24, 5, 36, 187, 14, 1633, 98, 32, 21, 7, 13, 8, 46, 3, 13, 11, 24, 76, 2, 14, 22, 11, 15, 343, 29, 1062, 7, 113, 147, 13, 21, 7, 192, 26, 31, 23, 164, 53, 7, 73, 19, 24, 17, 167, 221, 1388, 7, 29, 77, 8, 32]
OR2S2	24.5	[6, 1108, 4964, 29, 51, 35, 24, 134, 169, 27, 19, 38, 11, 19, 21, 15, 16, 15, 16, 11, 18, 28, 39, 43, 461, 19, 183, 5009, 20, 26, 2282, 21, 15, 22, 21, 19, 792, 74, 1994, 15, 25, 7, 25, 16, 21, 14, 3400, 13, 2403, 13, 4646, 11, 11, 13, 29, 13, 21, 34, 28, 13, 18, 21, 21, 15, 19, 14, 81, 26, 2379, 42, 68, 6, 16, 24, 16, 20, 67, 200, 41, 15, 37, 15, 79, 14, 5357, 16, 28, 74, 139, 47, 21, 29, 33, 10, 28, 26, 36, 565, 24, 25]
SUPT6H	39.0	[237, 298, 433, 108, 93, 9, 5, 10, 35, 149, 123, 107, 107, 15, 262, 18, 214, 127, 61, 10, 276, 10, 29, 259, 14, 12, 11, 247, 27, 65, 41, 7, 24, 225, 248, 4, 12, 364, 35, 16, 29, 12, 42, 623, 150, 13, 39, 25, 993, 71, 37, 39, 19, 31, 85, 863, 16, 38, 2168, 6, 34, 18, 160, 33, 40, 39, 41, 5, 44, 69, 69, 7, 75, 38, 105, 651, 44, 64, 50, 36, 38, 173, 16, 11, 91, 340, 51, 15, 25, 932, 21, 16, 15, 16, 3, 338, 22, 10, 8, 1696]
COL11A1	43.0	[32, 44, 20, 31, 26, 18, 72, 30, 10, 24, 104, 425, 399, 35, 212, 25, 12, 103, 17, 187, 26, 38, 41, 66, 89, 23, 14, 14, 165, 263, 21, 12, 88, 40, 14, 150, 40, 64, 18, 86, 288, 157, 30, 24, 16, 92, 42, 119, 23, 182, 24, 38, 59, 25, 14, 59, 151, 232, 48, 33, 25, 37, 71, 46, 28, 222, 14, 39, 230, 76, 55, 35, 24, 35, 50, 218, 53, 114, 24, 75, 833, 109, 23, 25, 14, 332, 116, 18, 200, 160, 330, 40, 21, 52, 54, 93, 188, 55, 81, 28]
CPB1	50.5	[10, 26, 7, 13, 85, 24, 25, 62, 37, 119, 458, 114, 50, 302, 29, 9, 57, 102, 527, 2258, 21, 9, 229, 236, 411, 13, 15, 10, 9, 44, 98, 101, 242, 6, 9, 804, 81, 12, 24, 32, 122, 22, 153, 2, 594, 713, 154, 83, 13, 136, 209, 297, 25, 235, 41, 25, 8, 26, 9, 43, 8, 225, 1558, 204, 6, 9, 12, 374, 15, 1285, 5, 63, 764, 406, 63, 9, 29, 68, 84, 1536, 59, 29, 19, 7, 85, 27, 160, 9, 66, 45, 349, 4, 69, 10, 102, 17, 51, 9, 457, 217]
MX1	50.5	[71, 21, 10, 46, 24, 275, 32, 35, 12, 28, 48, 644, 42, 28, 11, 34, 165, 31, 119, 205, 21, 157, 245, 14, 167, 54, 19, 44, 31, 21, 21, 423, 35, 66, 13, 211, 28, 64, 34, 12, 398, 28, 124, 131, 28, 53, 289, 15, 509, 58, 23, 11, 14, 74, 19, 37, 20, 16, 737, 223, 64, 128, 11, 19, 77, 85, 21, 128, 80, 26, 634, 53, 16, 181, 118, 31, 33, 75, 1686, 231, 23, 14, 75, 283, 189, 35, 20, 31, 77, 35, 274, 134, 292, 115, 103, 62, 162, 54, 18, 65]
KCNJ1	74.0	[91, 318, 35, 2711, 44, 59, 54, 6009, 1338, 75, 5573, 50, 75, 99, 67, 352, 333, 108, 99, 59, 55, 51, 118, 51, 98, 62, 69, 90, 115, 77, 54, 1503, 2918, 48, 46, 142, 4118, 1900, 70, 73, 100, 97, 58, 103, 213, 68, 49, 143, 42, 958, 5288, 56, 29, 116, 71, 85, 64, 47, 67, 114, 91, 126, 4656, 52, 104, 43, 73, 60, 1864, 121, 85, 68, 80, 49, 61, 109, 72, 62, 48, 50, 43, 71, 63, 109, 91, 225, 84, 59, 300, 56, 60, 72, 153, 56, 104, 44, 56, 31, 63, 423]
ACOX2	80.0	[24, 31, 36, 57, 463, 565, 137, 575, 21, 105, 133, 132, 22, 101, 12, 75, 54, 27, 29, 28, 15, 16, 150, 653, 239, 110, 22, 65, 1337, 1602, 27, 457, 76, 23, 39, 57, 28, 49, 35, 33, 460, 59, 348, 41, 116, 28, 97, 357, 39, 22, 57, 47, 46, 163, 73, 284, 62, 490, 69, 147, 90, 355, 178, 275, 25, 96, 826, 33, 50, 251, 161, 14, 217, 587, 943, 153, 53, 65, 178, 84, 25, 148, 60, 24, 11, 135, 273, 16, 96, 669, 732, 128, 110, 16, 162, 110, 34, 29, 676, 202]
ISG15	84.0	[34, 44, 89, 123, 126, 85, 50, 156, 174, 29, 76, 49, 189, 94, 100, 87, 141, 198, 190, 79, 257, 119, 26, 155, 19, 21, 436, 67, 132, 216, 54, 282, 72, 77, 551, 117, 138, 72, 59, 87, 75, 61, 77, 215, 203, 64, 67, 122, 151, 96, 36, 67, 161, 66, 186, 23, 161, 216, 128, 51, 27, 120, 80, 151, 99, 63, 83, 77, 123, 125, 330, 46, 177, 192, 42, 53, 192, 60, 76, 50, 212, 76, 50, 39, 79, 115, 81, 69, 169, 101, 121, 116, 33, 33, 71, 64, 87, 70, 39, 80]
HCRT	85.5	[74, 99, 60, 57, 69, 94, 1407, 79, 44, 126, 190, 123, 50, 63, 125, 74, 55, 100, 93, 148, 59, 60, 101, 56, 109, 99, 243, 79, 70, 85, 82, 150, 158, 130, 81, 105, 62, 112, 52, 47, 142, 106, 44, 86, 62, 41, 78, 51, 98, 1250, 122, 82, 137, 84, 70, 77, 98, 49, 54, 64, 139, 90, 76, 58, 139, 94, 86, 72, 121, 59, 95, 145, 139, 132, 76, 800, 108, 91, 100, 48, 61, 64, 51, 83, 141, 99, 60, 197, 121, 86, 58, 62, 146, 67, 61, 43, 64, 113, 141, 90]
OR10H2	90.0	[158, 49, 1277, 38, 147, 5990, 108, 22, 48, 5382, 84, 6265, 6147, 74, 58, 548, 5557, 46, 32, 25, 84, 41, 32, 55, 936, 5487, 336, 177, 51, 71, 564, 24, 329, 686, 2644, 132, 58, 82, 983, 2493, 96, 317, 122, 18, 228, 32, 46, 3437, 309, 27, 79, 39, 81, 498, 2903, 55, 36, 47, 42, 157, 22, 5356, 29, 132, 64, 65, 73, 58, 64, 6080, 958, 145, 75, 51, 178, 41, 178, 583, 48, 143, 1757, 84, 165, 37, 30, 239, 5267, 130, 26, 35, 4095, 4080, 3488, 379, 28, 96, 76, 16, 45, 166]
TFF1	96.0	[124, 244, 50, 434, 84, 96, 296, 110, 67, 45, 91, 49, 152, 25, 112, 38, 270, 53, 193, 69, 97, 328, 36, 35, 106, 98, 66, 64, 151, 27, 107, 159, 23, 55, 195, 44, 141, 165, 326, 32, 353, 129, 143, 72, 109, 39, 142, 46, 190, 346, 158, 23, 53, 93, 45, 31, 103, 273, 287, 96, 115, 79, 43, 127, 60, 81, 102, 47, 66, 85, 51, 39, 122, 236, 114, 34, 243, 156, 59, 328, 141, 273, 94, 255, 293, 273, 1048, 376, 88, 28, 84, 57, 146, 25, 79, 102, 95, 68, 16, 37]
PSG6	97.5	[48, 420, 195, 63, 107, 39, 104, 151, 177, 88, 102, 294, 154, 89, 43, 220, 66, 102, 89, 58, 97, 32, 144, 40, 41, 62, 39, 183, 41, 210, 174, 19, 45, 176, 151, 103, 291, 92, 92, 107, 159, 518, 49, 83, 28, 177, 159, 106, 203, 113, 21, 121, 46, 75, 33, 73, 116, 34, 44, 70, 53, 30, 122, 178, 163, 73, 152, 112, 137, 44, 45, 92, 32, 51, 204, 84, 97, 118, 89, 103, 35, 115, 118, 104, 105, 130, 61, 82, 98, 128, 92, 50, 181, 627, 44, 121, 58, 149, 82, 232]
IGHG3	103.5	[546, 47, 307, 121, 511, 17, 108, 155, 32, 166, 156, 90, 50, 20, 310, 499, 108, 41, 218, 231, 33, 42, 13, 338, 190, 21, 38, 357, 45, 48, 183, 6, 242, 96, 346, 135, 383, 1058, 286, 129, 13, 197, 90, 307, 113, 19, 363, 41, 101, 52, 86, 106, 294, 48, 60, 115, 306, 373, 6, 132, 152, 130, 119, 28, 158, 233, 70, 20, 1130, 117, 47, 94, 41, 14, 85, 76, 201, 34, 41, 30, 111, 21, 159, 23, 25, 70, 169, 37, 36, 83, 121, 62, 9, 75, 110, 79, 157, 22, 235, 159]
PSG9	105.0	[54, 217, 48, 130, 213, 240, 65, 116, 110, 67, 105, 23, 118, 257, 74, 88, 168, 154, 53, 22, 187, 81, 297, 103, 706, 77, 149, 163, 56, 105, 59, 229, 46, 90, 83, 43, 177, 47, 78, 92, 47, 156, 108, 72, 107, 134, 167, 132, 125, 62, 322, 76, 75, 105, 120, 169, 73, 118, 113, 219, 116, 82, 162, 53, 174, 118, 157, 196, 70, 194, 60, 101, 140, 143, 131, 43, 82, 72, 112, 428, 84, 67, 91, 61, 197, 62, 59, 51, 73, 1653, 184, 145, 166, 167, 39, 79, 124, 105, 96, 72]
MC1R	110.5	[53, 105, 92, 91, 204, 114, 240, 85, 149, 134, 63, 81, 172, 262, 156, 102, 64, 125, 40, 251, 121, 56, 117, 70, 133, 68, 96, 106, 134, 44, 74, 115, 60, 90, 129, 184, 176, 173, 101, 107, 82, 88, 61, 193, 73, 153, 91, 149, 147, 371, 83, 2689, 104, 104, 56, 80, 50, 77, 115, 153, 93, 98, 167, 64, 135, 94, 72, 139, 154, 173, 156, 164, 131, 194, 89, 53, 167, 219, 82, 144, 56, 112, 117, 264, 384, 74, 98, 119, 170, 104, 71, 390, 85, 171, 109, 50, 193, 76, 119, 314]
SHBG	124.5	[378, 237, 221, 72, 98, 355, 75, 208, 113, 126, 248, 104, 3546, 149, 218, 160, 5385, 47, 159, 124, 109, 107, 188, 93, 96, 105, 118, 187, 61, 113, 45, 163, 1019, 258, 224, 185, 2173, 111, 52, 214, 89, 275, 97, 319, 128, 167, 125, 321, 399, 620, 366, 360, 233, 68, 303, 97, 52, 68, 85, 156, 44, 65, 46, 15, 320, 37, 56, 560, 62, 200, 54, 74, 509, 78, 96, 74, 183, 110, 59, 77, 104, 289, 202, 65, 6124, 128, 218, 124, 217, 80, 84, 98, 272, 96, 448, 68, 68, 1029, 46, 156]
S100P	126.0	[469, 223, 195, 1016, 107, 2953, 543, 3942, 14, 18, 127, 104, 35, 263, 102, 23, 62, 66, 1830, 2192, 407, 5115, 37, 125, 41, 39, 24, 226, 2280, 844, 107, 213, 59, 13, 231, 840, 653, 167, 1815, 28, 33, 41, 1548, 157, 925, 2149, 1256, 113, 41, 2151, 46, 518, 51, 78, 141, 1951, 3041, 150, 95, 48, 477, 68, 1077, 3937, 21, 12, 233, 1327, 242, 27, 25, 19, 3161, 7, 52, 701, 1658, 160, 45, 58, 195, 2040, 24, 195, 16, 19, 23, 78, 35, 144, 52, 224, 268, 93, 69, 27, 37, 10, 1450, 10]
IFNA14	133.0	[311, 49, 50, 101, 139, 76, 47, 149, 473, 48, 173, 30, 38, 116, 115, 35, 65, 75, 619, 283, 101, 192, 154, 138, 274, 182, 1606, 48, 129, 39, 77, 1818, 190, 221, 32, 62, 363, 37, 71, 76, 1204, 114, 153, 209, 1675, 1400, 105, 77, 306, 39, 81, 255, 134, 205, 393, 76, 129, 182, 431, 106, 190, 42, 100, 347, 137, 268, 282, 385, 44, 9, 177, 124, 178, 170, 33, 1057, 61, 25, 56, 78, 92, 209, 81, 150, 265, 68, 188, 155, 236, 164, 66, 132, 118, 112, 223, 170, 77, 232, 49, 1428]
TTYH1	153.0	[115, 18, 95, 279, 145, 172, 838, 16, 599, 99, 261, 75, 174, 376, 98, 881, 146, 74, 1301, 110, 102, 223, 497, 90, 973, 384, 259, 224, 100, 24, 90, 235, 98, 138, 1022, 362, 265, 118, 161, 659, 58, 56, 270, 228, 17, 18, 189, 1071, 126, 192, 263, 72, 102, 1234, 116, 65, 14, 138, 108, 104, 297, 194, 1097, 57, 20, 108, 243, 113, 19, 109, 218, 723, 67, 165, 50, 561, 234, 975, 208, 661, 21, 717, 419, 24, 1263, 145, 116, 160, 41, 1161, 281, 252, 20, 62, 56, 146, 104, 190, 209, 173]
NAT1	157.5	[146, 103, 69, 177, 54, 50, 225, 300, 270, 390, 98, 208, 82, 166, 92, 85, 100, 260, 164, 282, 54, 199, 361, 37, 110, 68, 325, 51, 170, 76, 213, 259, 77, 187, 196, 74, 52, 123, 170, 166, 233, 239, 64, 822, 322, 146, 185, 170, 152, 234, 99, 197, 62, 177, 66, 87, 98, 91, 246, 115, 39, 105, 334, 125, 82, 161, 149, 270, 119, 88, 181, 42, 243, 335, 225, 362, 263, 36, 84, 154, 78, 321, 312, 175, 55, 41, 425, 140, 167, 91, 272, 180, 221, 125, 434, 168, 68, 371, 77, 94]
CYP2C8	164.0	[507, 256, 218, 279, 99, 150, 247, 232, 154, 247, 302, 195, 226, 170, 33, 126, 152, 274, 48, 78, 142, 89, 189, 155, 747, 110, 172, 119, 537, 317, 95, 225, 370, 126, 514, 391, 131, 144, 171, 66, 136, 41, 97, 977, 165, 198, 170, 112, 557, 122, 61, 164, 140, 170, 260, 287, 170, 135, 336, 423, 286, 141, 264, 311, 145, 78, 207, 301, 126, 135, 164, 139, 62, 370, 120, 192, 54, 77, 143, 100, 157, 261, 36, 54, 100, 56, 67, 239, 84, 376, 99, 362, 701, 187, 316, 441, 123, 47, 129, 249]
HLA-G	165.0	[8, 1110, 235, 82, 43, 349, 333, 29, 408, 183, 30, 5858, 492, 57, 17, 77, 80, 37, 161, 14, 289, 330, 119, 43, 2995, 12, 116, 43, 157, 763, 86, 12, 2435, 295, 36, 34, 14, 1408, 31, 91, 477, 92, 1081, 48, 2158, 30, 441, 34, 1532, 183, 685, 618, 33, 20, 27, 42, 217, 47, 1446, 993, 30, 134, 3868, 1293, 835, 751, 119, 31, 419, 238, 1099, 153, 6, 1088, 16, 15, 3606, 1683, 2831, 14, 1489, 124, 865, 261, 369, 169, 25, 32, 983, 122, 2140, 384, 151, 1919, 303, 968, 10, 17, 1847, 345]
SLC1A1	167.5	[482, 85, 545, 667, 107, 120, 114, 88, 100, 1032, 158, 90, 75, 149, 696, 281, 234, 100, 875, 186, 191, 1013, 181, 302, 475, 558, 286, 564, 82, 127, 164, 1877, 138, 604, 57, 804, 109, 132, 192, 1691, 449, 626, 378, 1073, 110, 2080, 496, 382, 1504, 137, 115, 614, 49, 337, 132, 84, 344, 92, 72, 249, 1020, 1084, 64, 71, 183, 50, 59, 103, 173, 595, 104, 135, 114, 82, 88, 359, 153, 243, 827, 55, 97, 96, 110, 150, 40, 73, 203, 583, 75, 50, 63, 91, 111, 241, 317, 368, 227, 175, 159, 171]
S100A8	180.5	[83, 29, 74, 115, 23, 734, 391, 93, 159, 242, 338, 166, 38, 4264, 156, 52, 20, 290, 296, 257, 48, 163, 725, 149, 4549, 115, 379, 111, 379, 130, 513, 156, 21, 128, 32, 71, 881, 136, 2440, 427, 653, 188, 25, 795, 293, 141, 58, 112, 1822, 96, 224, 135, 239, 211, 24, 87, 1254, 77, 183, 503, 388, 34, 336, 373, 817, 118, 91, 1136, 181, 200, 316, 80, 180, 359, 206, 51, 38, 288, 19, 227, 3258, 67, 863, 65, 724, 17, 1768, 365, 47, 365, 2249, 134, 495, 17, 73, 337, 1159, 2904, 70, 103]
SMARCD1	183.0	[237, 118, 108, 310, 250, 91, 27, 786, 1042, 249, 722, 445, 40, 266, 115, 212, 116, 249, 475, 88, 275, 193, 702, 401, 431, 86, 247, 55, 105, 91, 40, 290, 415, 670, 27, 186, 41, 382, 89, 267, 567, 114, 33, 550, 97, 496, 68, 137, 81, 18, 454, 65, 195, 212, 32, 90, 339, 773, 497, 162, 283, 139, 70, 196, 77, 199, 42, 234, 51, 87, 775, 95, 382, 272, 89, 80, 453, 593, 108, 97, 664, 554, 768, 458, 249, 336, 208, 180, 44, 56, 138, 88, 84, 115, 153, 119, 31, 559, 64, 146]
GLP2R	197.0	[581, 812, 402, 61, 144, 127, 390, 133, 623, 204, 112, 408, 151, 121, 214, 111, 320, 53, 165, 324, 188, 188, 155, 211, 85, 527, 102, 114, 206, 117, 696, 163, 121, 389, 136, 208, 1007, 136, 993, 159, 69, 269, 360, 114, 115, 122, 862, 315, 385, 58, 167, 250, 258, 190, 3223, 125, 257, 215, 181, 96, 221, 126, 408, 304, 408, 102, 204, 190, 144, 159, 255, 622, 133, 52, 96, 85, 348, 380, 84, 2181, 116, 257, 534, 332, 236, 231, 450, 95, 433, 272, 162, 86, 387, 3693, 276, 147, 161, 222, 144, 184]
GSTT1	206.5	[1098, 334, 177, 513, 657, 149, 280, 31, 12, 71, 1244, 120, 102, 54, 850, 222, 2856, 664, 1112, 89, 197, 33, 1065, 339, 114, 145, 1858, 129, 1412, 327, 132, 1728, 15, 621, 349, 74, 661, 136, 1382, 86, 3307, 842, 26, 54, 119, 819, 870, 195, 425, 232, 68, 109, 238, 277, 350, 821, 46, 98, 261, 127, 493, 311, 671, 104, 161, 63, 82, 69, 146, 930, 360, 257, 80, 45, 1229, 763, 168, 656, 138, 4228, 64, 22, 108, 53, 496, 2834, 19, 105, 244, 2836, 28, 11, 35, 58, 40, 1491, 83, 576, 318, 216]
CDC42BPB	220.5	[243, 121, 49, 1302, 455, 351, 365, 33, 131, 277, 82, 62, 691, 141, 211, 2102, 220, 2062, 2030, 30, 185, 318, 157, 1803, 76, 430, 846, 248, 74, 116, 1265, 121, 201, 1017, 38, 663, 111, 362, 1083, 164, 462, 837, 156, 70, 804, 273, 101, 120, 232, 137, 196, 51, 85, 105, 98, 242, 177, 796, 473, 175, 221, 81, 2236, 1560, 537, 362, 1299, 51, 453, 1350, 95, 55, 427, 148, 1206, 837, 387, 259, 136, 53, 142, 70, 317, 222, 90, 305, 127, 265, 57, 130, 3839, 103, 87, 271, 2715, 704, 352, 177, 176, 120]
SVIL	225.0	[222, 277, 817, 408, 35, 2258, 3910, 446, 928, 75, 104, 31, 46, 226, 1738, 99, 1867, 44, 98, 3539, 28, 47, 87, 189, 275, 166, 750, 168, 129, 328, 221, 52, 109, 1882, 1061, 427, 64, 164, 403, 289, 44, 773, 34, 448, 351, 25, 355, 22, 1229, 631, 2074, 70, 63, 35, 29, 60, 895, 174, 111, 221, 1131, 942, 249, 216, 644, 525, 39, 167, 88, 40, 415, 3065, 476, 1077, 537, 776, 1760, 1223, 4124, 109, 136, 158, 1371, 392, 14, 256, 234, 224, 21, 80, 733, 211, 768, 181, 1103, 215, 438, 123, 41, 605]
SFRP4	235.0	[238, 308, 301, 47, 214, 95, 127, 232, 35, 179, 155, 354, 2272, 61, 381, 78, 158, 365, 584, 740, 3650, 112, 548, 375, 402, 27, 609, 859, 95, 70, 406, 216, 913, 548, 118, 1717, 585, 112, 44, 87, 678, 175, 114, 107, 788, 225, 1701, 278, 365, 160, 2101, 128, 23, 238, 758, 88, 298, 39, 407, 1029, 127, 30, 462, 1039, 353, 1534, 105, 35, 137, 546, 706, 210, 670, 314, 81, 267, 363, 706, 60, 272, 111, 345, 96, 145, 876, 460, 23, 81, 125, 52, 50, 294, 150, 79, 52, 1356, 1295, 652, 47, 30]
MAFG	245.5	[781, 440, 139, 241, 200, 87, 602, 515, 172, 1587, 123, 133, 640, 80, 1034, 256, 57, 997, 274, 1021, 643, 1701, 850, 52, 1396, 1620, 11, 1212, 1639, 115, 94, 3401, 1108, 329, 362, 66, 31, 379, 302, 105, 63, 247, 13, 212, 32, 153, 414, 228, 243, 1508, 303, 9, 1953, 40, 435, 209, 9, 19, 1494, 35, 78, 313, 59, 291, 1143, 99, 747, 11, 446, 93, 185, 58, 28, 1147, 608, 2355, 207, 4975, 427, 470, 177, 538, 638, 904, 244, 25, 320, 659, 632, 140, 115, 65, 223, 673, 172, 114, 28, 74, 30, 2141]
OPN1SW	258.0	[483, 771, 121, 287, 611, 276, 140, 231, 425, 338, 331, 141, 162, 387, 212, 215, 461, 253, 511, 172, 160, 199, 741, 142, 121, 320, 303, 439, 128, 346, 452, 152, 162, 492, 365, 878, 92, 427, 442, 398, 142, 219, 683, 267, 334, 152, 330, 209, 232, 154, 168, 280, 559, 452, 280, 198, 208, 428, 114, 223, 185, 364, 424, 293, 494, 170, 611, 255, 352, 175, 228, 499, 164, 219, 171, 125, 186, 392, 296, 298, 250, 261, 317, 153, 770, 167, 130, 135, 460, 155, 275, 125, 382, 123, 214, 182, 113, 276, 542, 204]
IFNA4	319.0	[403, 482, 386, 426, 357, 315, 351, 1079, 394, 295, 295, 673, 148, 296, 1209, 523, 289, 256, 319, 977, 581, 885, 318, 66, 289, 858, 313, 396, 319, 236, 333, 281, 119, 382, 802, 107, 663, 465, 247, 436, 588, 477, 212, 233, 212, 177, 292, 131, 255, 504, 179, 402, 538, 245, 491, 169, 426, 238, 279, 176, 157, 145, 470, 272, 117, 273, 120, 1092, 148, 1065, 315, 72, 180, 665, 123, 379, 258, 285, 389, 861, 856, 342, 377, 159, 854, 248, 519, 88, 464, 417, 584, 617, 207, 303, 97, 241, 1099, 506, 381, 434]
PRAME	330.5	[334, 39, 263, 88, 248, 57, 187, 400, 664, 509, 468, 406, 173, 487, 1033, 94, 73, 1838, 176, 332, 556, 1169, 554, 1077, 628, 218, 452, 329, 417, 807, 329, 193, 635, 159, 855, 53, 446, 51, 2450, 933, 144, 18, 416, 294, 257, 222, 61, 544, 606, 212, 214, 314, 686, 1404, 449, 527, 262, 585, 321, 164, 344, 335, 425, 2067, 513, 1468, 692, 297, 367, 448, 116, 544, 526, 378, 197, 1036, 34, 138, 1150, 287, 426, 69, 888, 173, 289, 314, 171, 71, 124, 413, 546, 177, 168, 353, 164, 172, 303, 270, 79, 212]
PZP	344.5	[297, 180, 3904, 1515, 192, 293, 3370, 213, 5237, 346, 3222, 701, 170, 2883, 224, 3727, 5805, 164, 6116, 246, 144, 100, 2321, 3188, 469, 3604, 6020, 2996, 318, 3441, 343, 104, 4409, 478, 570, 99, 124, 113, 220, 338, 444, 213, 164, 185, 275, 193, 290, 197, 337, 2732, 3905, 4407, 1290, 4271, 5177, 5543, 4875, 307, 312, 1181, 396, 6142, 155, 201, 1868, 5499, 110, 270, 5961, 142, 2981, 188, 262, 483, 5780, 199, 3134, 4273, 3746, 140, 885, 126, 367, 125, 178, 160, 272, 223, 3446, 293, 4504, 318, 410, 222, 393, 159, 231, 1930, 6013, 190]
NPY1R	376.0	[364, 93, 182, 855, 420, 180, 101, 1080, 1678, 236, 616, 246, 391, 410, 306, 677, 290, 479, 429, 319, 380, 234, 803, 189, 1105, 1119, 728, 569, 303, 955, 66, 142, 545, 364, 733, 167, 679, 1188, 331, 1536, 2362, 133, 273, 191, 345, 565, 1330, 36, 915, 1276, 116, 569, 275, 201, 2176, 3061, 167, 113, 954, 372, 474, 409, 140, 396, 141, 303, 292, 179, 274, 668, 441, 381, 243, 1090, 150, 46, 1276, 324, 607, 1138, 544, 805, 958, 362, 470, 88, 264, 319, 368, 583, 416, 175, 1720, 1008, 123, 178, 271, 160, 367, 403]
GPLD1	384.5	[290, 398, 354, 711, 289, 604, 323, 325, 713, 386, 461, 309, 957, 345, 284, 452, 815, 809, 429, 241, 499, 506, 308, 578, 441, 239, 663, 245, 512, 2750, 314, 461, 338, 381, 302, 887, 542, 309, 398, 213, 340, 280, 346, 382, 451, 975, 520, 482, 332, 479, 383, 414, 395, 464, 492, 375, 477, 353, 506, 237, 286, 274, 277, 245, 674, 282, 1192, 208, 526, 320, 669, 392, 345, 692, 615, 374, 592, 299, 667, 642, 335, 370, 422, 301, 462, 315, 590, 449, 179, 289, 381, 393, 265, 286, 243, 335, 290, 394, 236, 530]
NTF3	387.5	[453, 567, 491, 148, 528, 169, 370, 389, 525, 220, 203, 392, 203, 451, 300, 214, 255, 358, 299, 396, 622, 145, 700, 226, 994, 361, 659, 749, 313, 232, 133, 321, 334, 557, 356, 521, 336, 309, 121, 270, 281, 304, 750, 768, 407, 588, 311, 680, 476, 346, 581, 2888, 508, 783, 652, 360, 209, 591, 426, 386, 361, 1782, 683, 272, 247, 380, 543, 374, 403, 293, 673, 771, 397, 311, 132, 143, 237, 89, 679, 459, 248, 93, 421, 547, 594, 165, 303, 495, 517, 660, 518, 395, 586, 321, 738, 965, 264, 551, 145, 216]
ESR1	412.0	[499, 731, 1250, 853, 609, 486, 140, 666, 498, 1409, 266, 1125, 315, 401, 161, 450, 795, 1783, 862, 422, 85, 132, 122, 1115, 418, 437, 3640, 75, 89, 433, 411, 271, 820, 19, 413, 235, 98, 52, 599, 1255, 127, 908, 51, 169, 396, 48, 129, 567, 598, 447, 583, 313, 396, 223, 397, 370, 1984, 293, 897, 29, 90, 357, 239, 181, 842, 411, 610, 77, 151, 495, 636, 387, 113, 923, 604, 1013, 414, 526, 890, 63, 755, 1626, 265, 140, 752, 1002, 384, 65, 1027, 470, 409, 622, 155, 81, 415, 69, 943, 156, 50, 370]
PIP	432.0	[1694, 161, 558, 1779, 269, 651, 643, 2240, 587, 1396, 196, 1129, 171, 97, 2111, 44, 83, 312, 647, 264, 442, 2620, 1745, 1938, 51, 463, 358, 362, 470, 343, 323, 201, 1533, 3826, 130, 20, 739, 254, 804, 742, 9, 912, 422, 5419, 128, 50, 1863, 1183, 1000, 493, 317, 692, 382, 188, 460, 542, 57, 227, 671, 963, 65, 382, 2360, 989, 277, 136, 47, 164, 115, 64, 1175, 240, 490, 156, 15, 339, 576, 325, 70, 91, 23, 1009, 547, 585, 642, 187, 14, 42, 121, 1027, 3, 1002, 16, 729, 672, 2714, 2527, 240, 1857, 1009]
SFRP5	432.5	[602, 246, 1608, 275, 3614, 1347, 1051, 86, 284, 64, 1142, 4560, 1887, 275, 1930, 1440, 1621, 244, 924, 936, 133, 1104, 2874, 5095, 4567, 973, 168, 325, 2928, 1669, 328, 466, 64, 850, 469, 66, 2400, 5082, 177, 80, 232, 265, 5, 3777, 88, 166, 281, 125, 266, 686, 205, 128, 140, 948, 2240, 4723, 260, 4439, 399, 63, 728, 4679, 3084, 231, 53, 130, 101, 633, 193, 344, 195, 2200, 136, 235, 159, 76, 1753, 2631, 4938, 315, 46, 30, 164, 1647, 563, 146, 747, 45, 362, 867, 91, 4166, 3474, 4330, 1346, 54, 1579, 917, 3764, 246]
NOVA1	456.5	[449, 608, 375, 266, 576, 322, 429, 804, 140, 571, 357, 270, 2113, 80, 137, 462, 512, 562, 326, 301, 234, 898, 554, 3355, 318, 596, 445, 523, 179, 534, 342, 300, 564, 1018, 430, 500, 588, 224, 160, 534, 746, 313, 478, 702, 436, 369, 783, 267, 557, 1493, 474, 637, 441, 568, 273, 432, 1844, 151, 652, 233, 538, 494, 469, 173, 372, 477, 397, 579, 199, 416, 351, 484, 328, 911, 209, 418, 451, 449, 439, 1331, 563, 512, 568, 538, 470, 383, 332, 397, 279, 377, 287, 583, 3392, 672, 732, 543, 442, 365, 501, 616]
TAT	471.5	[318, 211, 1090, 613, 448, 751, 55, 47, 2434, 2958, 160, 5288, 601, 629, 2775, 441, 916, 586, 798, 1002, 235, 354, 2723, 719, 589, 541, 3177, 377, 340, 357, 429, 406, 518, 289, 440, 63, 77, 336, 180, 4853, 418, 114, 384, 3023, 86, 158, 510, 512, 360, 2552, 667, 4625, 217, 1191, 516, 283, 40, 498, 306, 1114, 161, 5611, 786, 1888, 391, 81, 555, 1366, 28, 170, 2810, 1133, 457, 543, 1040, 1353, 486, 308, 19, 4834, 192, 94, 169, 72, 56, 544, 335, 339, 3940, 2606, 65, 5180, 2799, 1068, 27, 179, 223, 1684, 1016, 243]
SST	491.5	[402, 937, 288, 402, 395, 1176, 488, 264, 498, 486, 511, 791, 404, 383, 221, 410, 397, 601, 659, 728, 1038, 298, 792, 385, 385, 299, 725, 343, 407, 325, 298, 465, 442, 290, 504, 617, 566, 437, 539, 495, 533, 632, 676, 340, 1598, 643, 409, 536, 273, 599, 458, 720, 326, 724, 521, 879, 484, 403, 547, 555, 748, 1252, 663, 1495, 446, 357, 434, 381, 690, 513, 291, 312, 377, 282, 352, 593, 335, 318, 336, 686, 1127, 432, 483, 1353, 635, 370, 434, 474, 429, 433, 730, 680, 1122, 638, 575, 614, 578, 942, 640, 1359]
P2RY4	505.0	[403, 2982, 5679, 93, 1038, 797, 258, 815, 175, 4031, 885, 440, 1331, 77, 1148, 480, 298, 196, 932, 3118, 343, 5653, 202, 71, 3076, 530, 3892, 218, 356, 150, 5680, 250, 259, 319, 3564, 4892, 284, 128, 266, 559, 302, 6052, 2732, 5016, 405, 247, 102, 1409, 290, 5607, 161, 1094, 5506, 2261, 420, 194, 122, 173, 243, 6296, 4587, 288, 3105, 259, 305, 6086, 6193, 88, 584, 171, 5335, 535, 887, 139, 351, 3050, 409, 5013, 126, 4546, 160, 146, 3134, 626, 4442, 96, 293, 5638, 5742, 3645, 135, 204, 647, 293, 5930, 5595, 5987, 218, 768, 196]
RAB11A	506.5	[1585, 513, 4695, 130, 397, 1369, 741, 155, 674, 1082, 1068, 45, 164, 357, 549, 2380, 714, 335, 3460, 559, 1900, 630, 509, 186, 458, 100, 528, 101, 642, 2875, 607, 348, 1131, 129, 955, 693, 184, 60, 1485, 1086, 1193, 1900, 403, 300, 237, 197, 182, 305, 816, 317, 127, 630, 1007, 1017, 530, 504, 1238, 311, 652, 320, 1374, 257, 115, 434, 51, 753, 25, 142, 1136, 189, 144, 27, 316, 142, 567, 2072, 76, 820, 660, 196, 31, 681, 102, 1383, 493, 717, 116, 579, 366, 1079, 410, 53, 1215, 261, 435, 1276, 457, 624, 135, 1351]
KCNMB3	536.5	[829, 249, 1063, 4387, 306, 339, 332, 953, 534, 423, 1836, 282, 450, 723, 791, 418, 439, 630, 394, 551, 5273, 243, 309, 610, 560, 187, 5684, 457, 537, 140, 585, 412, 622, 134, 340, 526, 335, 59, 1175, 228, 1318, 397, 557, 521, 584, 980, 364, 159, 759, 1964, 849, 361, 638, 542, 409, 563, 392, 169, 1178, 548, 682, 468, 169, 238, 629, 247, 1782, 385, 979, 873, 418, 536, 920, 387, 1986, 133, 1464, 189, 1223, 392, 1293, 2463, 499, 1215, 1991, 449, 529, 388, 291, 956, 5762, 1010, 900, 628, 294, 590, 372, 498, 1176, 1721]
MAS1	592.5	[204, 2792, 2444, 371, 118, 860, 4198, 1406, 1927, 397, 2628, 1761, 534, 139, 6357, 1190, 2364, 377, 116, 663, 1115, 189, 371, 111, 1241, 479, 529, 271, 1508, 6072, 3126, 180, 74, 482, 4257, 2394, 5885, 332, 115, 335, 5659, 4337, 430, 86, 148, 4377, 4249, 2502, 250, 175, 271, 1690, 260, 288, 154, 308, 1625, 428, 4284, 973, 210, 2217, 1156, 262, 214, 101, 169, 107, 4475, 83, 2983, 979, 2517, 782, 1998, 166, 5382, 86, 3375, 227, 589, 174, 2251, 448, 596, 227, 1278, 4394, 933, 2930, 573, 1426, 3220, 98, 446, 3036, 253, 2318, 261, 1644]
ZNF214	594.0	[447, 645, 234, 507, 1108, 872, 324, 169, 959, 301, 695, 440, 752, 753, 324, 2543, 1617, 593, 556, 51, 1076, 282, 835, 1269, 238, 1071, 424, 473, 786, 963, 449, 788, 330, 573, 1220, 349, 676, 896, 1138, 578, 885, 950, 1085, 591, 761, 206, 191, 274, 1057, 1025, 269, 854, 1668, 275, 469, 450, 420, 1033, 2055, 668, 349, 572, 944, 396, 300, 597, 277, 778, 484, 335, 558, 791, 311, 3390, 649, 813, 195, 421, 571, 1007, 282, 498, 738, 820, 595, 875, 328, 2333, 371, 1374, 395, 1281, 526, 477, 598, 1455, 1286, 156, 136, 1260]
TFF3	613.0	[1215, 301, 532, 123, 217, 522, 306, 1373, 3318, 282, 660, 825, 453, 136, 337, 95, 1239, 1783, 154, 384, 1645, 1149, 753, 808, 101, 378, 486, 215, 1235, 669, 260, 401, 207, 1307, 350, 758, 542, 209, 476, 176, 2529, 445, 2276, 411, 1323, 569, 1062, 99, 1042, 879, 198, 1121, 716, 499, 836, 831, 404, 488, 1339, 269, 630, 440, 367, 824, 1030, 812, 623, 105, 958, 714, 1101, 695, 801, 403, 897, 392, 1121, 351, 179, 552, 1633, 1804, 395, 163, 289, 1089, 508, 721, 603, 987, 642, 1193, 1264, 89, 955, 257, 770, 301, 890, 685]
IFI27	687.5	[2065, 573, 1210, 570, 530, 914, 1138, 601, 329, 456, 1215, 709, 498, 1536, 1172, 335, 383, 346, 285, 404, 1094, 529, 944, 1073, 755, 504, 1464, 687, 1064, 835, 529, 458, 1179, 246, 919, 347, 631, 660, 2183, 1232, 2124, 432, 406, 310, 860, 977, 1631, 1417, 675, 617, 495, 532, 470, 927, 1347, 349, 1666, 354, 887, 743, 699, 699, 688, 218, 539, 756, 805, 292, 210, 1307, 930, 432, 1602, 500, 536, 372, 511, 779, 774, 646, 378, 1421, 958, 591, 1458, 2308, 1914, 300, 393, 810, 1189, 1949, 1821, 272, 466, 821, 572, 567, 240, 2692]
CALM2	704.5	[2127, 937, 107, 695, 1981, 107, 877, 59, 77, 2731, 251, 1005, 579, 1514, 746, 124, 4102, 600, 1387, 411, 2861, 728, 319, 1178, 654, 1694, 1561, 384, 1955, 165, 156, 304, 1535, 30, 189, 22, 1831, 2926, 774, 1627, 124, 189, 1257, 429, 415, 42, 714, 810, 909, 50, 42, 1342, 3550, 2718, 911, 2163, 327, 365, 285, 277, 323, 719, 477, 2508, 101, 143, 953, 850, 71, 2354, 1218, 2303, 1044, 170, 356, 1283, 962, 182, 893, 159, 156, 474, 1092, 374, 394, 4314, 1778, 135, 4761, 5257, 217, 769, 821, 47, 11, 681, 159, 20, 720, 846]
TFR2	735.0	[2867, 770, 632, 475, 347, 553, 949, 331, 760, 1747, 841, 558, 991, 788, 598, 379, 649, 653, 565, 700, 2438, 1024, 845, 484, 3618, 1362, 570, 945, 1361, 661, 446, 607, 871, 497, 941, 977, 536, 696, 394, 357, 479, 670, 848, 266, 1490, 465, 1236, 1527, 2881, 736, 480, 483, 570, 482, 999, 906, 731, 442, 785, 470, 1011, 1259, 852, 893, 940, 864, 1010, 1139, 1122, 643, 393, 812, 1052, 734, 709, 511, 960, 872, 523, 5555, 565, 621, 361, 633, 692, 700, 841, 526, 765, 902, 797, 1236, 576, 1033, 780, 745, 723, 471, 717, 932]
SLC26A6	813.5	[1205, 1625, 789, 1909, 520, 1036, 456, 1732, 1032, 619, 542, 1861, 1604, 590, 391, 661, 613, 804, 90, 753, 858, 832, 662, 1595, 1120, 416, 661, 1050, 1224, 1258, 1385, 659, 528, 2068, 157, 1437, 1139, 1028, 372, 256, 498, 973, 869, 672, 476, 616, 646, 1500, 1308, 628, 811, 621, 892, 1472, 1040, 3428, 590, 73, 1782, 338, 1108, 494, 2060, 123, 2453, 485, 1505, 1685, 2651, 266, 720, 376, 490, 863, 1727, 1675, 3046, 977, 1326, 381, 465, 1006, 1007, 629, 263, 2941, 723, 900, 728, 247, 1998, 551, 635, 1242, 731, 1418, 468, 629, 816, 1014]
CHRNB3	884.0	[273, 703, 2456, 895, 376, 706, 1571, 2682, 4480, 1957, 342, 213, 896, 1734, 663, 738, 4120, 719, 427, 264, 1124, 1315, 767, 693, 822, 1676, 1050, 864, 3989, 523, 898, 4741, 442, 1646, 933, 444, 1417, 1071, 459, 705, 497, 346, 1652, 592, 1360, 346, 636, 1611, 795, 781, 965, 586, 663, 1336, 240, 1404, 3392, 441, 1215, 518, 878, 4063, 888, 3136, 778, 818, 722, 2191, 649, 511, 616, 1166, 2715, 3322, 703, 668, 739, 904, 1593, 1535, 1049, 946, 480, 1376, 555, 910, 937, 496, 1152, 2941, 880, 833, 576, 669, 1481, 2663, 964, 1573, 784, 1303]
KCNIP1	938.5	[1045, 1052, 3560, 3354, 5300, 4496, 437, 1297, 1863, 439, 371, 259, 105, 726, 910, 405, 1934, 727, 1332, 651, 1943, 418, 277, 463, 382, 456, 215, 1544, 4609, 1505, 462, 793, 3214, 5782, 388, 171, 1114, 607, 2228, 1797, 2843, 1542, 246, 178, 567, 325, 2000, 658, 605, 911, 172, 1296, 663, 414, 557, 3481, 958, 919, 4739, 328, 451, 1876, 252, 3824, 3198, 5494, 1338, 400, 4242, 247, 5595, 1887, 1960, 488, 4337, 1842, 393, 127, 122, 1612, 636, 166, 2885, 2981, 1756, 997, 519, 1073, 414, 2942, 3619, 154, 600, 481, 4960, 2547, 162, 4069, 1574, 1184]
ICAM2	966.5	[1677, 1527, 1497, 605, 1729, 471, 865, 1026, 1854, 2109, 1044, 308, 1813, 389, 431, 338, 496, 1255, 1106, 452, 985, 1816, 118, 648, 721, 1362, 1836, 615, 439, 493, 338, 1337, 1138, 338, 1616, 415, 1298, 1425, 2188, 425, 1004, 917, 964, 1908, 240, 142, 1346, 1513, 1344, 356, 566, 74, 1189, 1644, 1077, 432, 650, 2419, 320, 1908, 305, 515, 400, 500, 818, 342, 1367, 293, 1302, 713, 222, 611, 1859, 891, 623, 1229, 1922, 1129, 3016, 1363, 1167, 670, 1575, 869, 774, 1260, 204, 248, 509, 755, 1923, 969, 3423, 2529, 545, 2296, 455, 1250, 1538, 1723]
LCP1	1005.0	[208, 6441, 4172, 3415, 375, 1223, 2867, 182, 3178, 2429, 46, 320, 2660, 1051, 627, 76, 6082, 5588, 3964, 4726, 23, 467, 1275, 12, 2319, 38, 404, 3795, 5480, 5537, 5722, 105, 16, 3006, 1320, 21, 4987, 220, 774, 60, 5547, 192, 3117, 25, 6248, 1447, 216, 12, 8, 959, 2976, 157, 41, 6326, 1646, 2908, 119, 108, 14, 4324, 48, 2742, 174, 3637, 234, 185, 54, 1132, 116, 3700, 174, 2972, 2513, 4866, 1587, 48, 13, 2149, 2111, 1116, 239, 18, 5231, 2669, 82, 281, 23, 206, 1570, 953, 24, 6127, 608, 39, 4823, 5879, 4951, 3493, 21, 19]
C4A	1031.5	[1223, 6341, 4015, 16, 4986, 344, 1989, 65, 4000, 2851, 5050, 1506, 4161, 4703, 588, 1327, 1127, 3391, 6241, 341, 946, 179, 815, 6367, 1442, 406, 4919, 5202, 1507, 669, 466, 3699, 516, 517, 2698, 3100, 940, 1079, 427, 2222, 288, 609, 2574, 4211, 581, 422, 1088, 2418, 528, 166, 1399, 3447, 901, 347, 4083, 2949, 395, 331, 750, 2747, 883, 3095, 502, 787, 5205, 567, 2009, 2544, 684, 270, 506, 984, 4615, 624, 1551, 2033, 107, 130, 309, 4148, 4716, 1998, 140, 408, 489, 1906, 541, 108, 719, 3429, 138, 1628, 6185, 59, 2363, 418, 922, 759, 5726, 740]
SEC24D	1053.5	[2475, 1171, 159, 837, 1363, 324, 1168, 920, 1230, 863, 610, 835, 649, 832, 452, 2556, 637, 1314, 692, 1903, 314, 1343, 1005, 357, 474, 2012, 1779, 841, 2241, 144, 2657, 666, 776, 3081, 2333, 319, 2898, 851, 315, 1063, 1212, 418, 535, 1275, 410, 392, 1187, 639, 2145, 1066, 853, 1130, 868, 899, 1873, 1770, 1972, 4310, 965, 1776, 853, 1325, 864, 4637, 2304, 1801, 1044, 3317, 3009, 1651, 1586, 264, 518, 81, 5014, 437, 5142, 1921, 424, 1294, 1534, 549, 1971, 1963, 2565, 234, 862, 3964, 592, 358, 1027, 1287, 371, 440, 802, 506, 2938, 1530, 2014, 1282]
CD37	1055.0	[339, 109, 734, 1515, 1938, 540, 2079, 313, 930, 1580, 1255, 582, 65, 350, 1860, 1322, 1074, 1263, 674, 424, 1368, 5181, 767, 140, 268, 2338, 903, 4276, 328, 917, 1840, 959, 296, 4145, 500, 67, 1064, 2173, 1801, 2673, 311, 1081, 922, 2166, 99, 780, 1531, 3607, 683, 927, 1233, 5894, 2844, 1694, 2369, 4045, 2456, 679, 3441, 1046, 3475, 2380, 1106, 3229, 888, 2614, 2666, 2438, 224, 737, 256, 2427, 589, 2027, 1827, 605, 142, 1071, 1327, 709, 948, 780, 1510, 1867, 2428, 592, 1352, 776, 1038, 564, 799, 3906, 522, 688, 1589, 512, 266, 674, 20, 1345]
VAPB	1127.0	[817, 667, 509, 1406, 1710, 2672, 1382, 819, 2649, 1255, 651, 885, 950, 1689, 1162, 881, 609, 2028, 1331, 505, 960, 1783, 528, 981, 1414, 2101, 1856, 962, 667, 1180, 1615, 1239, 520, 655, 782, 1620, 3314, 805, 1090, 592, 1553, 397, 305, 240, 146, 1673, 570, 297, 2436, 146, 1362, 649, 2801, 758, 776, 1071, 298, 1661, 469, 825, 1094, 1542, 3529, 1477, 1050, 1961, 1308, 246, 1660, 1571, 795, 1551, 973, 835, 1197, 1400, 2274, 1526, 512, 1358, 1417, 1232, 292, 2170, 671, 1931, 1231, 835, 3891, 460, 720, 1294, 1833, 1031, 1927, 805, 1196, 969, 4028, 1160]
KCNAB1	1263.5	[1713, 799, 913, 821, 1183, 2334, 1597, 1023, 1034, 827, 913, 1882, 1379, 1781, 717, 410, 1448, 1110, 638, 1455, 1627, 2110, 1457, 826, 1775, 1452, 3055, 927, 1719, 853, 1042, 1649, 1387, 841, 756, 2988, 989, 728, 1028, 1556, 1406, 1326, 1487, 1132, 498, 1678, 1599, 1642, 3464, 2163, 728, 564, 1642, 466, 597, 900, 855, 2050, 1524, 2183, 901, 1046, 2084, 856, 1893, 744, 1156, 575, 1622, 1768, 1343, 1714, 557, 1387, 847, 1573, 1112, 1116, 877, 1187, 1362, 1172, 727, 1615, 634, 3720, 1096, 1030, 2754, 1723, 1646, 949, 603, 1564, 3773, 1471, 1201, 2883, 1166, 1897]
LRPAP1	1279.0	[5054, 456, 2031, 159, 153, 1104, 350, 2970, 2617, 2140, 2278, 3212, 191, 455, 189, 1200, 1549, 1171, 447, 1015, 1202, 1826, 1892, 3507, 103, 1226, 164, 1752, 96, 1702, 1614, 3276, 36, 1538, 1055, 2811, 167, 2689, 2348, 1268, 2789, 435, 281, 3605, 5797, 1834, 2318, 1273, 163, 3053, 746, 1942, 1158, 744, 975, 3133, 919, 1274, 726, 4076, 4886, 2388, 1528, 3827, 1068, 4089, 838, 339, 791, 373, 2581, 218, 233, 1284, 2350, 1830, 1503, 1060, 1593, 653, 978, 779, 1740, 3566, 1344, 708, 2097, 4478, 1032, 3829, 1042, 234, 2269, 772, 5520, 1799, 918, 3248, 1354, 1129]
AMPD2	1367.5	[1158, 1171, 1929, 989, 2130, 963, 2029, 818, 2272, 830, 1302, 1224, 1688, 858, 1389, 1792, 2284, 916, 1256, 1858, 1805, 2926, 1325, 2049, 1835, 1228, 1002, 5636, 1123, 654, 1440, 1331, 1304, 1672, 1739, 1259, 1000, 1022, 3477, 545, 1086, 516, 799, 1806, 758, 1570, 1627, 714, 1155, 1433, 1595, 1144, 1529, 1740, 3867, 1244, 1581, 975, 1862, 1757, 1581, 1015, 2339, 954, 2743, 1599, 2280, 2165, 435, 673, 1534, 1237, 2206, 1532, 596, 2444, 1617, 943, 2079, 1618, 661, 1097, 1252, 446, 1036, 765, 2091, 907, 2014, 2141, 1067, 1585, 1346, 1162, 1964, 2219, 950, 2131, 1241, 1923]
SMARCB1	1387.0	[442, 318, 1735, 1993, 980, 1426, 1831, 1864, 786, 266, 365, 2888, 1390, 753, 361, 826, 877, 4079, 137, 2569, 91, 4577, 733, 4222, 1850, 2262, 1605, 2216, 1459, 72, 554, 151, 2934, 1666, 824, 806, 1965, 2244, 450, 2952, 1384, 1053, 1539, 2115, 2695, 2788, 321, 925, 203, 3388, 274, 55, 193, 2460, 149, 447, 1316, 1257, 3911, 3047, 3743, 87, 4346, 137, 3557, 615, 274, 3286, 2355, 1820, 227, 669, 1362, 1687, 1465, 2031, 603, 1346, 2397, 3848, 604, 3040, 1122, 1663, 3413, 581, 1360, 2349, 972, 191, 2761, 2071, 593, 775, 3377, 2037, 1139, 2804, 3636, 598]
ERBB2	1393.0	[2157, 1361, 2001, 1181, 1557, 1994, 1387, 3148, 1856, 381, 421, 1361, 1889, 2728, 2408, 2220, 1082, 1160, 2566, 778, 1546, 1353, 1630, 2422, 2706, 1706, 1611, 1896, 2222, 2192, 1620, 2364, 728, 1183, 614, 1031, 541, 2465, 1716, 787, 2894, 941, 2139, 2012, 210, 2159, 491, 1614, 917, 612, 852, 897, 238, 838, 1080, 448, 874, 2837, 1450, 2008, 2458, 2214, 1125, 1036, 2393, 1531, 2876, 1823, 881, 355, 920, 1061, 487, 2377, 826, 1028, 588, 402, 1089, 1697, 1441, 3322, 194, 707, 1754, 1228, 924, 988, 2345, 2001, 1125, 1320, 2571, 210, 993, 1950, 2468, 1126, 1980, 1399]
PTAFR	1393.5	[396, 1419, 1082, 1522, 364, 1208, 810, 2330, 2309, 754, 1154, 3065, 1808, 2776, 952, 548, 1437, 727, 658, 1268, 1837, 422, 403, 1806, 1387, 2991, 342, 1897, 624, 1780, 817, 798, 1439, 1563, 700, 1380, 1472, 1620, 951, 2064, 1576, 945, 453, 1590, 3949, 869, 1360, 1404, 2599, 2049, 1626, 2240, 3215, 1016, 3843, 977, 966, 1607, 244, 2196, 2042, 1400, 1001, 2877, 764, 3279, 1803, 1711, 1182, 1303, 1359, 1476, 1034, 5041, 1614, 1699, 1334, 2809, 880, 456, 440, 810, 1018, 908, 1445, 670, 1085, 1541, 1164, 705, 1251, 1833, 1977, 5835, 1735, 1404, 439, 2775, 191, 1455]
GRIN2A	1465.5	[2275, 1650, 2320, 810, 3672, 2120, 2004, 768, 1070, 517, 1629, 2048, 1476, 709, 518, 902, 1807, 1294, 2650, 922, 1513, 1543, 1573, 778, 1021, 684, 1189, 1072, 1120, 4323, 712, 983, 734, 958, 1878, 2114, 1606, 1554, 1747, 714, 2501, 1156, 1876, 1183, 938, 584, 702, 2525, 2424, 1381, 1975, 1872, 797, 1813, 1880, 1006, 1101, 948, 1049, 1455, 1668, 778, 553, 1523, 1845, 2009, 1307, 1059, 1509, 1477, 1337, 2189, 2320, 2569, 3046, 555, 1203, 1103, 1555, 1663, 783, 1017, 2227, 2537, 2030, 1071, 1152, 321, 312, 2846, 546, 1480, 1606, 1536, 1581, 1588, 963, 695, 536, 1604]
RBP1	1470.5	[493, 1444, 198, 1112, 4886, 4104, 1394, 922, 3758, 2447, 68, 2884, 5089, 592, 1658, 1982, 493, 3642, 3821, 1239, 145, 360, 452, 428, 1539, 707, 3802, 3519, 3143, 55, 1014, 544, 4780, 296, 767, 1514, 872, 1185, 500, 1717, 492, 1067, 3582, 2345, 944, 992, 1110, 234, 1659, 1181, 238, 4364, 1579, 3077, 860, 2442, 1196, 472, 5285, 192, 2224, 3238, 1497, 539, 816, 2707, 4182, 1406, 1907, 156, 4186, 325, 1541, 4309, 1844, 2295, 405, 2714, 3287, 4296, 1523, 191, 350, 2556, 3254, 539, 572, 1767, 1250, 2011, 2428, 267, 2096, 1443, 1789, 817, 2190, 1002, 3853, 1576]
KRT19	1564.0	[1499, 666, 3038, 868, 3092, 2488, 923, 807, 699, 1359, 782, 413, 1173, 5363, 1853, 2106, 3502, 979, 2079, 4420, 883, 4943, 1184, 1031, 1170, 2884, 267, 2769, 1947, 2423, 5400, 1861, 598, 560, 4882, 1560, 703, 2460, 4982, 362, 5022, 2169, 418, 2445, 2736, 1785, 1461, 329, 260, 2350, 66, 261, 3643, 923, 2433, 1368, 2214, 1209, 1696, 3676, 1627, 1009, 3251, 1560, 1604, 1798, 161, 599, 243, 2674, 3159, 328, 1430, 5172, 713, 2866, 2484, 767, 1198, 217, 704, 4677, 5553, 3424, 1734, 172, 914, 499, 5044, 2631, 2260, 2431, 2691, 863, 2382, 412, 1568, 1227, 997, 964]
MYO5B	1653.5	[324, 851, 4049, 1414, 2265, 1478, 391, 206, 1444, 4497, 831, 2098, 2371, 395, 2461, 2475, 647, 3918, 274, 247, 2653, 90, 3469, 5764, 3086, 3103, 1389, 1146, 227, 3027, 1134, 1357, 1834, 1754, 2079, 2002, 791, 3352, 3396, 955, 3668, 415, 2685, 944, 2109, 5829, 276, 1546, 1770, 5724, 1259, 1028, 1704, 4753, 1922, 757, 2288, 1448, 559, 360, 2243, 2774, 2104, 2559, 2286, 3043, 2882, 141, 2034, 1194, 1132, 1494, 2387, 1627, 323, 2357, 869, 1856, 2411, 1560, 140, 1804, 3920, 753, 1249, 1868, 4298, 106, 825, 2879, 1194, 5813, 449, 733, 784, 1680, 809, 695, 1090, 2452]
MAP4K1	1658.5	[1225, 3710, 2633, 2758, 287, 782, 3054, 996, 1368, 726, 3488, 794, 1781, 4443, 3309, 4174, 2094, 636, 3853, 2808, 1919, 2952, 4749, 866, 779, 1448, 1172, 2238, 2899, 2828, 2186, 1219, 3075, 1787, 1381, 4511, 1171, 1592, 4553, 3749, 1583, 1545, 1897, 1191, 2420, 3075, 249, 964, 654, 820, 1249, 3630, 222, 5985, 499, 604, 3596, 1564, 1663, 2224, 1663, 1157, 3323, 4730, 617, 719, 687, 1481, 3625, 3859, 3427, 2573, 2337, 3021, 5692, 1744, 2120, 2503, 1495, 1395, 665, 1356, 524, 1698, 1155, 1474, 877, 428, 4258, 1474, 834, 893, 752, 1027, 979, 4429, 769, 1654, 6080, 2956]
CTAG2	1704.0	[3000, 2943, 5759, 1476, 61, 527, 1990, 5682, 2206, 1453, 6120, 2962, 5133, 573, 39, 709, 2297, 913, 3094, 5329, 4453, 914, 608, 927, 464, 69, 848, 5732, 2780, 5568, 1079, 126, 1180, 4355, 575, 6152, 2271, 1258, 4633, 228, 5933, 630, 282, 4586, 2567, 365, 927, 2694, 3082, 1648, 4977, 1536, 849, 4076, 4971, 291, 287, 1953, 5447, 2909, 1165, 4956, 5775, 1650, 523, 299, 5650, 2156, 4733, 3115, 5556, 6088, 1759, 1269, 656, 1758, 1434, 1231, 5079, 366, 1322, 2347, 3710, 3684, 3926, 5392, 4687, 1216, 5553, 247, 1636, 655, 911, 566, 991, 1345, 6467, 139, 1470, 1436]
KRT1	1707.0	[3281, 3444, 581, 3115, 814, 5131, 4387, 289, 5422, 1774, 1660, 5316, 2738, 2942, 3697, 3138, 322, 353, 944, 3799, 1683, 459, 3888, 2076, 2981, 245, 1845, 747, 1893, 1155, 1615, 2021, 1410, 3380, 1690, 1653, 338, 484, 782, 5732, 1365, 491, 110, 3702, 2709, 2994, 4973, 1402, 3639, 2182, 5435, 5886, 1104, 6303, 289, 1183, 124, 5361, 1526, 825, 4724, 5219, 5054, 612, 3955, 1027, 176, 1001, 434, 3988, 266, 121, 830, 1346, 6131, 111, 5649, 985, 724, 4835, 1724, 1586, 641, 2116, 1031, 5520, 2964, 5764, 2528, 250, 865, 5509, 5379, 5043, 159, 4922, 499, 5902, 337, 237]
MYB	1754.0	[3338, 2842, 2161, 1551, 1943, 728, 2823, 1265, 2675, 2035, 1052, 2246, 1112, 1611, 1650, 1678, 1975, 2287, 2274, 1523, 682, 1753, 2159, 2861, 1967, 1838, 1454, 1697, 2827, 920, 539, 1529, 1155, 1351, 2048, 2948, 658, 1041, 1742, 672, 1543, 1500, 1807, 1438, 2878, 1861, 676, 2330, 1468, 1863, 1451, 1314, 2602, 780, 1651, 2202, 2605, 1824, 1290, 2668, 2863, 2106, 2099, 1988, 1221, 2918, 710, 2345, 2438, 1616, 1755, 2248, 2202, 2059, 1531, 2907, 1549, 632, 2167, 1287, 1228, 1825, 813, 1860, 1951, 1456, 2068, 2707, 1669, 1943, 2647, 2155, 1338, 1687, 1334, 1516, 684, 1021, 3304, 1182]
BCL7B	1944.5	[1075, 4033, 5564, 1599, 3474, 2949, 1958, 2953, 2666, 763, 3269, 2215, 1592, 2281, 607, 4492, 1649, 3389, 841, 1429, 4327, 4156, 3041, 2008, 1861, 5225, 214, 1919, 1657, 4800, 1844, 3607, 1294, 3267, 1430, 4466, 3723, 4659, 5154, 2997, 513, 6229, 2177, 1283, 4147, 1475, 2989, 4023, 951, 951, 1931, 587, 198, 2554, 5131, 5674, 2072, 1396, 3482, 281, 1981, 988, 1030, 1026, 1331, 271, 1788, 367, 3142, 5298, 4156, 1853, 230, 636, 4759, 738, 1448, 698, 2951, 1727, 1611, 5514, 526, 1436, 3841, 5197, 1792, 1767, 630, 1084, 3209, 2674, 1795, 2599, 248, 4602, 5981, 1402, 2837, 692]
MYO5A	1950.0	[374, 504, 1906, 2878, 2891, 1795, 844, 2635, 1235, 2541, 1624, 2510, 450, 2360, 723, 2157, 1717, 867, 1982, 1030, 911, 2432, 2639, 2273, 1953, 2228, 2693, 1443, 1156, 2341, 2102, 1631, 1337, 1927, 3353, 1853, 1432, 2984, 1694, 3173, 2970, 1745, 278, 1605, 2141, 2307, 2432, 944, 2256, 1135, 2916, 1349, 3307, 716, 2269, 2571, 1517, 1302, 2713, 1993, 630, 1796, 2297, 1689, 2173, 2992, 1076, 588, 935, 2448, 1807, 3108, 169, 2682, 1631, 3022, 2427, 1576, 2139, 2233, 1155, 1663, 1490, 2576, 1845, 1503, 2303, 2356, 1196, 2349, 2517, 1600, 2522, 2557, 3245, 2804, 1800, 1947, 805, 1972]
LRMP	2020.5	[1520, 2397, 2601, 1944, 2220, 1840, 3087, 2077, 2410, 1587, 2512, 2038, 1333, 2326, 5037, 1791, 779, 1441, 2375, 1278, 2433, 2036, 3202, 2676, 1370, 524, 1442, 2673, 2080, 1464, 1478, 2109, 1388, 1761, 1620, 1292, 2503, 1312, 1411, 2340, 3173, 3110, 2164, 2677, 2869, 2034, 2055, 1909, 756, 3216, 1963, 2802, 1599, 2022, 1486, 2083, 2063, 1227, 1638, 2564, 2944, 2142, 2315, 2531, 1444, 2251, 1891, 1500, 3827, 2236, 1640, 1947, 2019, 1658, 1800, 1481, 1826, 2162, 1150, 1035, 902, 1669, 3157, 2388, 2241, 917, 1966, 1935, 2370, 1322, 1964, 2581, 2620, 2023, 2843, 1574, 1739, 2941, 589, 1537]
SIX1	2081.5	[3400, 2040, 4109, 3370, 4389, 1541, 1908, 4807, 2111, 2570, 1871, 2781, 1980, 1601, 1467, 2239, 1721, 2453, 2907, 4030, 387, 3676, 979, 4610, 1923, 4303, 1168, 1456, 2761, 3628, 1955, 1124, 1923, 222, 1464, 5611, 1366, 1001, 872, 1774, 213, 1617, 2052, 2637, 4463, 1669, 2990, 4619, 3746, 2463, 1272, 2450, 2207, 1933, 1991, 3824, 1437, 2328, 1734, 595, 4042, 2419, 1638, 578, 2710, 1816, 1769, 2881, 2194, 1476, 1117, 2489, 4188, 971, 2398, 1716, 4360, 1115, 1125, 1991, 4287, 2182, 2128, 1995, 2443, 1729, 2661, 3398, 4241, 4784, 3304, 2119, 3198, 566, 1220, 1760, 1158, 2330, 1212, 2361]
RFPL3	2276.5	[5710, 3390, 4198, 6025, 5494, 82, 1905, 1682, 5469, 5913, 1764, 6468, 5437, 396, 67, 6459, 586, 5644, 6150, 1068, 5072, 131, 381, 45, 5814, 1778, 6128, 1693, 995, 1054, 95, 83, 4160, 2385, 1180, 5851, 6350, 163, 6300, 4126, 3048, 4460, 3768, 6401, 4526, 191, 131, 6131, 32, 5991, 6284, 381, 6474, 43, 536, 557, 5039, 6134, 574, 44, 5692, 910, 195, 4479, 2632, 2491, 3530, 1348, 6421, 5647, 194, 4055, 1138, 2581, 76, 431, 100, 334, 3156, 1067, 2168, 576, 261, 903, 5391, 38, 412, 5988, 97, 131, 310, 19, 5973, 2588, 4767, 3921, 273, 1536, 5451, 6375]
REC8	2703.5	[1877, 5776, 1138, 4100, 3667, 3194, 1712, 4951, 5313, 3834, 1040, 5405, 3730, 1950, 1695, 934, 980, 3345, 2880, 4736, 6107, 3596, 3486, 4738, 3115, 1855, 1379, 2416, 2861, 2242, 735, 1055, 6116, 2715, 1631, 1887, 2141, 4573, 4513, 3267, 2119, 1804, 945, 1519, 913, 4607, 631, 3117, 792, 3028, 5476, 4059, 900, 3800, 2345, 1332, 2692, 4505, 3156, 4300, 2915, 4568, 1842, 4328, 1765, 1817, 973, 296, 1592, 1863, 1762, 1849, 4632, 934, 4824, 2223, 4026, 4533, 5926, 4973, 1307, 1633, 4843, 724, 5148, 3141, 372, 1129, 1507, 2728, 1830, 4981, 3014, 3874, 3191, 756, 2216, 3114, 2015, 2112]
ATOH1	2733.5	[3000, 4227, 2087, 425, 298, 885, 6029, 5923, 4228, 5887, 556, 4013, 1502, 796, 3382, 5331, 1450, 3247, 1600, 4210, 2158, 6023, 4350, 849, 311, 359, 287, 5317, 6072, 5436, 1167, 1130, 5882, 4642, 1171, 5572, 2851, 4035, 155, 462, 4967, 1440, 6183, 628, 335, 4409, 1540, 4482, 3837, 6085, 2466, 483, 3286, 229, 5546, 1143, 2598, 1600, 4129, 6126, 1649, 1629, 138, 6205, 3262, 681, 2815, 5896, 5456, 890, 388, 3685, 2652, 1630, 659, 1737, 5177, 6134, 372, 861, 6069, 384, 5879, 4790, 1419, 2982, 329, 6178, 1812, 2919, 5858, 147, 5770, 3120, 5242, 1531, 3229, 1760, 443, 2229]
GRP	3004.0	[2829, 3350, 1217, 2218, 4286, 2683, 915, 2933, 2743, 1842, 2816, 4171, 1489, 1816, 2443, 6058, 4301, 4468, 4191, 3703, 569, 3674, 5315, 2586, 2143, 893, 4453, 3178, 4631, 2590, 2577, 4211, 2385, 4011, 975, 3060, 3659, 3582, 237, 5045, 4252, 4669, 1177, 536, 1297, 5348, 5342, 5540, 5331, 336, 703, 3488, 3363, 1356, 3275, 2049, 4378, 4203, 340, 2138, 4902, 4122, 5117, 5540, 3512, 4471, 1480, 3344, 752, 1737, 2330, 1953, 4021, 1128, 5326, 499, 2838, 3308, 3010, 3949, 4063, 2280, 4454, 2998, 3662, 816, 3396, 548, 2795, 5911, 2572, 4115, 2553, 1352, 2654, 2723, 4715, 2411, 1977, 6035]
ZNF124	3116.0	[3004, 3911, 5555, 4458, 2788, 3989, 4994, 1530, 1838, 4384, 4315, 936, 4114, 4977, 1537, 1833, 96, 569, 3699, 5619, 2646, 3112, 4004, 3204, 3978, 5155, 1487, 5019, 5846, 693, 3897, 4969, 2221, 1034, 2742, 2502, 5844, 1824, 889, 2295, 4257, 4774, 3095, 4318, 3757, 4762, 4865, 1875, 1548, 3120, 5152, 151, 5821, 1230, 678, 2489, 1077, 946, 543, 3619, 3241, 57, 1091, 4820, 683, 1469, 5049, 1385, 1924, 5915, 2608, 529, 5063, 1420, 1197, 5086, 5577, 5705, 1375, 2178, 125, 2833, 5429, 3391, 2764, 801, 4410, 4985, 823, 1335, 4612, 4489, 3822, 4141, 2059, 4801, 4092, 4648, 1035, 5076]
GAGE7	3154.5	[4857, 1027, 3123, 6316, 757, 3186, 3328, 5332, 5963, 6364, 617, 6477, 1202, 4692, 1964, 5845, 4989, 404, 5928, 5948, 5748, 4993, 6374, 649, 4013, 6303, 4993, 941, 3838, 5689, 1059, 2702, 4568, 1968, 2331, 511, 1421, 759, 1931, 1345, 6350, 4786, 953, 836, 107, 6290, 6240, 5965, 3073, 6051, 6433, 5456, 513, 707, 6137, 1398, 5763, 2006, 1054, 908, 1972, 356, 3399, 4182, 2060, 702, 3994, 3883, 6177, 5959, 3639, 6338, 3264, 5687, 5571, 631, 618, 2822, 2245, 1219, 1614, 1110, 551, 90, 2800, 5634, 6040, 1181, 249, 339, 491, 4902, 5584, 2458, 2327, 4228, 694, 769, 6194, 3443]
CDH17	3303.0	[3314, 3924, 3934, 4740, 3120, 2391, 309, 4989, 4618, 1017, 5586, 4333, 2512, 5880, 4592, 5245, 1528, 4664, 4352, 5309, 1828, 3198, 3944, 2812, 3950, 2489, 4324, 3930, 1496, 1966, 2141, 3851, 3875, 5662, 4245, 5847, 1953, 2478, 5032, 3196, 4096, 1307, 472, 4706, 841, 1583, 651, 2066, 1296, 390, 5889, 3507, 3211, 1669, 3960, 4892, 5685, 3191, 3942, 5337, 1106, 800, 4711, 4590, 4219, 3847, 5014, 4963, 4036, 5782, 1951, 468, 910, 1968, 2964, 597, 3783, 4210, 3303, 4650, 2980, 2162, 2977, 282, 2334, 2608, 3769, 3638, 2503, 765, 1077, 3665, 1981, 2083, 2530, 1308, 5261, 3303, 3590, 2067]
PARG	3315.5	[543, 509, 339, 1079, 4223, 941, 4927, 3910, 5292, 4662, 550, 376, 1997, 4071, 4191, 2351, 72, 4744, 458, 222, 5882, 5796, 3979, 3011, 6228, 3800, 2256, 3124, 1464, 4644, 473, 2308, 4503, 3017, 3996, 2693, 1676, 6340, 4392, 1575, 2699, 2707, 4356, 5009, 2375, 186, 4575, 5979, 5943, 683, 5975, 4560, 183, 1310, 1622, 5168, 3042, 173, 4928, 2958, 3004, 6294, 4340, 3779, 3682, 593, 4180, 2856, 5280, 5953, 1121, 1401, 5613, 3397, 4773, 2162, 3024, 4020, 2569, 4411, 5899, 71, 5026, 3234, 2022, 3447, 4676, 6371, 1840, 4311, 491, 4538, 671, 1947, 1994, 3817, 4129, 795, 4818, 5619]
EVI5	3484.0	[3381, 206, 5003, 2928, 4612, 3436, 1809, 1375, 4120, 1398, 5770, 3841, 3257, 3595, 3641, 4361, 2321, 2015, 5462, 3707, 928, 2610, 5121, 4554, 1317, 5179, 3331, 5264, 1970, 4277, 2922, 3012, 5040, 2128, 2336, 5310, 2535, 1719, 3204, 2924, 1978, 3899, 3889, 3755, 4881, 4929, 4308, 2662, 3826, 3582, 5705, 3308, 5835, 4027, 1655, 3824, 3482, 2397, 4700, 4254, 3284, 2162, 3990, 1816, 1857, 1960, 3612, 2488, 1807, 4261, 2168, 2922, 2630, 2382, 1414, 3040, 5018, 3545, 5061, 3268, 3830, 4228, 1735, 3486, 3950, 2937, 1636, 5255, 3926, 4723, 5577, 5133, 4028, 3225, 2959, 3450, 3827, 2748, 3601, 5129]
RBP3	4103.0	[5175, 456, 6431, 89, 1747, 2026, 29, 114, 2322, 2286, 6217, 310, 3007, 1758, 3613, 4898, 2660, 2038, 2390, 3388, 4723, 5138, 6323, 5204, 4764, 3692, 724, 5519, 4035, 6164, 149, 3333, 6443, 736, 5902, 4913, 5951, 4239, 5709, 5982, 3302, 3180, 6019, 4163, 1561, 24, 2714, 5057, 5635, 3459, 6003, 2558, 6465, 5143, 5303, 5217, 5245, 4517, 6211, 6234, 204, 4518, 3777, 5752, 4774, 3609, 4638, 5606, 3557, 1222, 6479, 457, 3038, 1309, 5406, 3619, 4245, 5028, 5938, 4846, 6414, 5426, 902, 661, 655, 6440, 4239, 2842, 57, 6416, 899, 5107, 4641, 5209, 8, 2398, 4043, 3209, 1377, 682]
GPR12	4180.0	[188, 5190, 3460, 151, 5629, 5477, 4559, 5772, 1395, 147, 5810, 2621, 5179, 4801, 5914, 5320, 2214, 280, 392, 5620, 2963, 5660, 931, 5543, 4980, 395, 5649, 307, 410, 5844, 5184, 5528, 366, 5713, 635, 5564, 4102, 4181, 5686, 1761, 4083, 1986, 4179, 318, 5456, 3772, 5584, 916, 5844, 5761, 3745, 1151, 1630, 5617, 5594, 164, 1420, 5726, 389, 5946, 5604, 5207, 3534, 5828, 4041, 5923, 3707, 4932, 4941, 4137, 5167, 5912, 908, 298, 5713, 4029, 6010, 181, 278, 3391, 5797, 3179, 5243, 5668, 5572, 5685, 341, 5821, 5044, 3694, 4890, 2489, 904, 2063, 1501, 5177, 2626, 332, 5149, 1682]
CHGB	4186.0	[1998, 1766, 1211, 4893, 5291, 5432, 96, 1530, 6046, 2194, 5688, 1771, 5705, 6301, 5620, 5545, 5466, 4422, 5517, 6213, 2244, 4487, 1928, 1679, 5650, 3789, 1805, 4475, 214, 13, 5957, 2997, 6366, 121, 2937, 585, 5931, 4213, 755, 6287, 5066, 5416, 6191, 5199, 6326, 5975, 1688, 6350, 2251, 345, 5389, 2582, 5471, 1026, 6417, 5155, 5951, 323, 4865, 5395, 4351, 1141, 5890, 1360, 1998, 5744, 4953, 146, 446, 4159, 1360, 1478, 2603, 2269, 5593, 6354, 5227, 247, 5062, 6318, 4995, 17, 1492, 558, 6348, 1549, 5633, 123, 1768, 1129, 5891, 4510, 2698, 3348, 1335, 4688, 3308, 4030, 1993, 797]
IDH3G	4861.0	[2906, 3992, 5115, 1779, 1602, 5781, 5979, 1607, 5217, 2801, 2058, 5296, 4908, 1156, 6208, 4957, 5873, 4629, 3672, 4987, 3772, 5681, 4535, 6244, 588, 5872, 5670, 5760, 3460, 5784, 6303, 4913, 6132, 4205, 4635, 2863, 5973, 5590, 5365, 5728, 3892, 210, 5387, 2231, 3746, 4382, 5790, 4608, 4864, 161, 813, 5097, 5614, 5191, 5132, 3309, 5777, 4788, 6149, 4858, 4930, 5793, 4037, 6310, 6166, 4072, 3090, 3995, 3232, 5870, 5018, 5594, 5949, 5318, 3690, 5787, 4769, 3857, 3969, 3357, 3958, 5105, 4141, 876, 5855, 1323, 5211, 2373, 3616, 4125, 3785, 1817, 1960, 5398, 6053, 5153, 5944, 5496, 1865, 3282]
