Gene	Median Rank	Full Ranks
SOX10	1.0	[1, 1, 1, 1, 1, 1, 1, 1, 1, 1]
NPY1R	2.0	[2, 2, 2, 2, 2, 2, 2, 2, 2, 2]
S100A8	3.0	[3, 3, 3, 3, 3, 4, 3, 3, 3, 3]
KYNU	4.0	[4, 4, 4, 4, 4, 4, 4, 5, 4, 4]
PPP1R1A	5.0	[5, 3, 5, 5, 5, 5, 5, 5, 5, 5]
CRLF1	6.0	[6, 6, 6, 6, 6, 6, 6, 6, 6, 6]
CLIC3	7.0	[7, 7, 7, 7, 7, 7, 7, 7, 7, 7]
GPX1	13.5	[18, 38, 9, 10, 33, 9, 19, 10, 8, 17]
GSS	14.5	[19, 15, 21, 10, 11, 35, 15, 11, 12, 14]
GSR	15.0	[24, 10, 25, 16, 16, 9, 35, 14, 10, 9]
PRLR	15.0	[11, 37, 11, 10, 18, 12, 18, 103, 37, 11]
CD28	16.0	[9, 9, 43, 9, 9, 15, 17, 43, 49, 32]
PTGFR	17.0	[9, 13, 21, 17, 18, 13, 27, 10, 42, 17]
XDH	17.5	[12, 84, 39, 38, 23, 16, 18, 11, 12, 17]
SOD1	18.0	[24, 33, 19, 17, 12, 76, 13, 12, 36, 17]
PRL	19.5	[54, 18, 51, 18, 12, 28, 20, 97, 19, 19]
FOSL1	19.5	[20, 39, 8, 25, 8, 8, 25, 31, 19, 19]
EGR1	20.0	[20, 20, 18, 19, 65, 110, 12, 83, 13, 85]
NPEPPS	20.5	[25, 15, 16, 47, 9, 8, 86, 64, 31, 15]
NOX1	21.0	[15, 24, 17, 29, 18, 15, 24, 34, 13, 38]
RGS3	23.0	[21, 48, 21, 8, 16, 14, 41, 25, 53, 31]
EFNB1	23.0	[64, 22, 25, 20, 26, 24, 19, 19, 24, 12]
EPHB2	25.0	[13, 38, 41, 24, 17, 34, 26, 22, 54, 21]
TIAM1	25.5	[19, 26, 22, 60, 28, 27, 24, 25, 32, 17]
ERBB2	25.5	[32, 31, 15, 29, 20, 30, 55, 22, 19, 8]
PTPN13	28.5	[27, 27, 57, 16, 25, 50, 54, 80, 30, 22]
BLK	29.5	[70, 31, 28, 29, 26, 29, 31, 30, 29, 58]
AEBP1	31.0	[44, 110, 23, 43, 20, 31, 14, 31, 60, 25]
CRKL	33.0	[79, 52, 21, 16, 23, 99, 65, 41, 25, 16]
PAK2	34.0	[41, 20, 28, 23, 40, 8, 14, 43, 43, 42]
NCK2	35.0	[58, 30, 51, 18, 32, 36, 53, 34, 30, 40]
HCK	36.0	[37, 59, 35, 59, 28, 24, 45, 33, 34, 56]
MMP23A	36.0	[16, 107, 59, 59, 33, 36, 36, 28, 50, 27]
KEL	36.0	[20, 48, 84, 53, 37, 84, 27, 34, 35, 29]
EFNB2	37.5	[29, 75, 45, 25, 38, 23, 23, 50, 46, 37]
KLRC3	38.0	[31, 98, 38, 37, 76, 36, 34, 38, 55, 93]
ITGA2B	38.0	[39, 40, 57, 27, 37, 63, 21, 39, 13, 11]
APC2	38.0	[60, 31, 41, 41, 26, 39, 55, 28, 23, 37]
BCR	38.0	[55, 16, 76, 17, 44, 17, 61, 32, 110, 16]
B2M	44.5	[43, 47, 35, 37, 97, 39, 59, 46, 35, 47]
GGH	44.5	[52, 39, 25, 24, 52, 40, 57, 74, 49, 18]
CYBA	45.0	[26, 36, 37, 73, 23, 43, 88, 63, 108, 47]
NF1	45.5	[42, 53, 44, 39, 34, 61, 69, 61, 47, 40]
ADAM11	46.0	[56, 46, 85, 13, 35, 46, 56, 25, 74, 31]
MDH1	47.5	[50, 63, 32, 45, 72, 25, 60, 42, 11, 60]
ADAM23	48.0	[35, 66, 39, 59, 63, 56, 37, 42, 37, 54]
ADAM15	48.0	[18, 48, 48, 55, 38, 42, 67, 55, 48, 39]
VAV1	48.0	[51, 23, 51, 49, 39, 43, 58, 40, 51, 47]
DAZAP2	49.0	[93, 53, 50, 27, 49, 37, 38, 35, 60, 49]
HLA-A	51.0	[51, 51, 92, 60, 84, 41, 31, 38, 36, 88]
S100A13	53.0	[52, 38, 42, 57, 67, 31, 53, 53, 58, 56]
PIM2	55.0	[78, 78, 29, 54, 35, 36, 33, 73, 56, 64]
BAZ2A	55.5	[116, 23, 44, 63, 52, 107, 54, 57, 50, 69]
LAT	55.5	[59, 105, 44, 66, 87, 90, 40, 50, 52, 35]
KLRD1	55.5	[55, 40, 104, 41, 56, 97, 67, 91, 51, 40]
LGALS9	56.0	[78, 58, 54, 36, 31, 62, 87, 53, 49, 76]
PPT1	58.0	[76, 49, 45, 79, 102, 49, 50, 49, 105, 66]
KLRC1	58.5	[74, 39, 37, 68, 49, 39, 81, 94, 45, 88]
SPINT1	60.5	[33, 54, 39, 69, 62, 85, 100, 60, 52, 61]
ACVR1B	64.5	[70, 59, 101, 55, 146, 50, 55, 50, 102, 94]
ADAM9	65.0	[63, 66, 73, 66, 59, 64, 60, 115, 43, 97]
PSMB7	65.5	[19, 64, 25, 27, 79, 19, 81, 67, 92, 83]
SQSTM1	66.5	[45, 58, 101, 87, 58, 48, 87, 75, 77, 48]
PSMB3	69.5	[77, 93, 60, 63, 76, 62, 76, 76, 46, 63]
KLRC2	69.5	[89, 75, 34, 53, 68, 177, 49, 71, 90, 49]
DAP	70.0	[89, 75, 22, 118, 70, 63, 57, 70, 70, 75]
PSMA7	70.5	[11, 46, 78, 70, 71, 97, 35, 17, 74, 92]
PSMB5	71.5	[15, 44, 70, 44, 101, 82, 73, 28, 90, 109]
PSMA4	72.0	[76, 71, 94, 73, 95, 50, 13, 76, 22, 15]
PSMB2	74.0	[66, 100, 82, 65, 31, 100, 62, 32, 96, 103]
PSMA1	76.0	[79, 78, 63, 58, 77, 22, 101, 100, 30, 75]
NOTCH4	76.5	[105, 48, 97, 113, 70, 85, 56, 67, 66, 83]
MMP3	77.0	[121, 89, 72, 40, 80, 71, 62, 104, 74, 90]
STK11	77.0	[78, 88, 37, 69, 76, 124, 71, 50, 109, 78]
PSMB4	78.5	[82, 16, 96, 78, 79, 23, 49, 16, 99, 110]
PSMA3	78.5	[92, 78, 86, 25, 78, 28, 77, 81, 79, 101]
SLC15A2	79.5	[108, 55, 46, 55, 46, 107, 110, 104, 107, 55]
PSMB10	79.5	[94, 70, 51, 101, 83, 88, 83, 76, 67, 72]
MMP11	80.0	[76, 84, 100, 76, 74, 101, 76, 65, 112, 103]
MMP7	80.5	[110, 96, 86, 75, 55, 99, 126, 64, 44, 73]
PSMA5	80.5	[80, 20, 114, 49, 38, 100, 124, 100, 80, 81]
PSMB1	81.0	[78, 84, 16, 69, 92, 87, 69, 56, 84, 84]
ADAM12	82.0	[91, 65, 68, 90, 69, 116, 61, 74, 91, 98]
CXCR4	82.0	[94, 70, 79, 96, 84, 114, 102, 66, 80, 80]
APC	84.5	[118, 98, 84, 52, 84, 113, 85, 118, 83, 70]
PSMA2	85.5	[82, 87, 25, 85, 117, 20, 120, 86, 76, 101]
IRAK2	86.0	[75, 67, 108, 119, 54, 100, 48, 95, 77, 101]
LTK	87.0	[102, 47, 38, 111, 81, 97, 64, 97, 93, 79]
CTGF	87.0	[91, 35, 109, 67, 89, 107, 59, 85, 101, 74]
KLRC4	87.0	[47, 50, 102, 86, 49, 98, 80, 88, 102, 97]
BAP1	87.5	[106, 88, 87, 97, 85, 88, 79, 98, 48, 52]
SLC5A5	88.0	[62, 48, 89, 87, 48, 108, 102, 79, 110, 114]
CPB2	89.5	[116, 77, 76, 91, 88, 82, 73, 148, 187, 91]
MMP14	91.5	[132, 93, 59, 196, 115, 95, 42, 58, 81, 90]
MMP1	91.5	[103, 115, 79, 72, 130, 122, 57, 122, 79, 80]
CRYAB	93.0	[47, 106, 36, 71, 115, 93, 92, 100, 93, 100]
TIMP1	94.0	[69, 94, 95, 125, 100, 96, 82, 94, 92, 62]
MMP12	94.0	[97, 78, 60, 167, 91, 106, 74, 99, 91, 111]
ADAM10	95.0	[106, 99, 72, 51, 98, 115, 87, 85, 98, 92]
ANGPT2	96.0	[78, 108, 35, 111, 93, 104, 62, 99, 29, 149]
MMP13	96.5	[93, 61, 120, 105, 107, 90, 97, 96, 88, 125]
ERBB3	97.5	[98, 100, 90, 84, 97, 126, 104, 37, 129, 43]
GRIP1	99.0	[87, 75, 134, 30, 120, 53, 74, 138, 111, 138]
MMP10	100.0	[124, 87, 124, 92, 118, 101, 66, 121, 99, 62]
HSPA1A	100.0	[72, 107, 96, 107, 69, 91, 113, 104, 132, 94]
AGA	100.5	[21, 90, 111, 126, 89, 120, 89, 89, 117, 113]
HSPA1B	102.5	[72, 118, 111, 87, 87, 98, 107, 108, 122, 92]
ESR1	106.5	[67, 109, 174, 146, 88, 97, 81, 118, 120, 104]
FGB	108.5	[105, 139, 140, 90, 116, 111, 78, 189, 105, 106]
CHIT1	109.0	[67, 112, 114, 106, 99, 93, 199, 147, 89, 124]
CEBPB	114.0	[115, 115, 75, 97, 125, 102, 157, 105, 113, 139]
LTA4H	114.0	[235, 45, 85, 114, 170, 114, 132, 101, 135, 109]
PTGS2	114.0	[85, 120, 108, 114, 114, 92, 148, 167, 125, 108]
ERBB4	115.0	[119, 125, 85, 90, 68, 136, 119, 119, 110, 111]
TIMP2	116.0	[133, 112, 184, 80, 116, 117, 108, 112, 191, 116]
ACE	119.5	[153, 122, 133, 114, 119, 119, 124, 120, 101, 119]
PTGIS	121.0	[120, 141, 181, 126, 122, 120, 120, 105, 126, 110]
PLA2G10	121.5	[130, 96, 83, 86, 105, 163, 203, 129, 177, 114]
PTGDS	123.0	[137, 136, 106, 177, 120, 125, 256, 104, 121, 96]
ALOX5	123.5	[105, 123, 104, 219, 85, 124, 135, 176, 215, 99]
GDF9	128.5	[212, 143, 234, 128, 125, 129, 121, 115, 119, 159]
EBP	131.0	[197, 117, 201, 109, 196, 105, 181, 103, 138, 124]
CBR3	131.5	[116, 134, 105, 134, 129, 91, 137, 220, 134, 129]
ALOX15B	133.5	[134, 191, 133, 93, 115, 251, 210, 121, 251, 103]
PEPD	134.0	[183, 50, 181, 106, 55, 184, 154, 114, 189, 104]
FGG	134.5	[208, 96, 114, 196, 141, 176, 116, 120, 142, 128]
TNFAIP6	136.5	[77, 150, 153, 122, 185, 123, 185, 215, 114, 120]
ALOX15	138.0	[131, 207, 108, 169, 208, 103, 129, 121, 145, 178]
LMO4	138.5	[114, 131, 121, 162, 147, 131, 183, 133, 144, 209]
VIP	139.0	[148, 206, 215, 133, 145, 121, 131, 102, 202, 132]
MMP15	139.5	[143, 117, 87, 205, 145, 132, 189, 145, 109, 136]
PTX3	140.5	[144, 132, 121, 183, 135, 122, 137, 173, 164, 195]
AMBP	140.5	[135, 119, 119, 146, 192, 112, 187, 209, 209, 119]
RPL31	141.0	[185, 138, 142, 140, 131, 202, 165, 125, 138, 185]
RPL38	142.0	[128, 137, 125, 414, 141, 213, 146, 141, 422, 143]
BMPR1B	143.5	[125, 165, 136, 163, 222, 140, 143, 131, 144, 192]
TFPI	145.0	[125, 129, 216, 145, 166, 145, 175, 125, 178, 117]
RPL10	148.5	[395, 166, 156, 166, 141, 134, 127, 134, 387, 141]
CBR1	148.5	[121, 194, 205, 230, 79, 106, 152, 145, 158, 102]
BMP15	148.5	[118, 148, 181, 112, 156, 149, 149, 103, 227, 140]
SLC6A2	150.0	[215, 144, 97, 156, 128, 184, 143, 185, 113, 185]
RB1	150.0	[164, 199, 121, 136, 127, 183, 194, 121, 116, 351]
RPS27	152.5	[149, 439, 145, 167, 156, 167, 160, 139, 145, 128]
F3	153.0	[107, 188, 112, 129, 204, 87, 112, 195, 177, 225]
RPL19	154.0	[139, 157, 146, 154, 170, 396, 154, 158, 149, 153]
EREG	155.5	[114, 213, 127, 147, 192, 158, 186, 172, 133, 153]
PTGER2	155.5	[139, 111, 225, 188, 126, 197, 221, 130, 172, 138]
TGM2	156.5	[204, 178, 248, 180, 91, 83, 137, 135, 126, 176]
RPL12	158.0	[424, 155, 184, 159, 491, 144, 185, 157, 144, 157]
UBA52	158.5	[397, 455, 151, 147, 145, 161, 175, 413, 156, 147]
RPL32	159.0	[171, 161, 173, 396, 157, 138, 133, 120, 143, 161]
RPS20	159.0	[144, 430, 144, 148, 170, 164, 124, 154, 408, 171]
SLC24A1	159.5	[193, 203, 127, 182, 110, 124, 137, 109, 186, 184]
RPS14	161.5	[181, 137, 139, 172, 135, 430, 140, 421, 151, 408]
RPS13	162.5	[189, 158, 431, 135, 121, 146, 431, 140, 167, 169]
RPS12	162.5	[128, 420, 172, 214, 160, 165, 142, 126, 125, 173]
RPL21	162.5	[455, 148, 169, 148, 156, 177, 438, 148, 419, 148]
SLC16A7	165.0	[197, 102, 263, 95, 208, 133, 94, 122, 204, 221]
RPS18	165.5	[159, 189, 152, 167, 164, 177, 154, 457, 190, 149]
RPL23A	166.0	[157, 180, 151, 180, 490, 132, 159, 173, 153, 459]
DPEP1	167.0	[136, 80, 161, 173, 102, 132, 190, 256, 212, 287]
IGF1	169.0	[137, 178, 173, 172, 136, 166, 186, 141, 117, 222]
GGT1	169.0	[212, 110, 291, 187, 110, 178, 177, 161, 96, 110]
RPS6	170.0	[173, 149, 177, 413, 157, 171, 167, 177, 153, 169]
EEF1G	170.0	[178, 155, 139, 186, 183, 162, 472, 150, 151, 472]
RPS3A	170.0	[447, 137, 462, 160, 163, 177, 208, 161, 156, 180]
RPS4X	170.5	[166, 175, 160, 187, 187, 179, 139, 143, 161, 424]
GAS7	171.5	[194, 127, 124, 205, 144, 145, 200, 219, 230, 149]
F7	171.5	[134, 220, 132, 140, 183, 118, 160, 277, 219, 207]
RPL41	171.5	[166, 167, 173, 163, 174, 170, 170, 178, 197, 193]
TBXAS1	172.0	[116, 103, 105, 174, 252, 176, 170, 192, 188, 158]
STK10	173.5	[158, 150, 118, 193, 189, 214, 135, 195, 199, 135]
EEF1A1	174.0	[132, 433, 183, 170, 166, 183, 187, 178, 153, 160]
PLA2G2A	175.5	[203, 170, 262, 121, 215, 168, 131, 181, 130, 223]
EGFR	177.0	[154, 243, 154, 209, 229, 145, 204, 120, 166, 188]
RPS23	177.0	[176, 185, 193, 178, 201, 171, 186, 146, 152, 176]
RPL27	177.5	[147, 161, 162, 180, 151, 200, 191, 175, 186, 383]
F2R	178.5	[113, 139, 135, 208, 178, 129, 184, 179, 232, 208]
RPL37A	180.0	[186, 154, 430, 192, 161, 174, 193, 191, 160, 166]
AREG	182.5	[139, 126, 193, 187, 182, 141, 242, 247, 183, 138]
RPS10	182.5	[179, 156, 186, 229, 187, 468, 178, 156, 163, 213]
TPT1	182.5	[178, 203, 163, 215, 211, 187, 167, 173, 170, 196]
SLC6A1	183.0	[168, 282, 148, 325, 219, 182, 137, 184, 226, 149]
RPLP1	183.5	[180, 152, 445, 152, 226, 456, 459, 140, 187, 152]
RPL23	183.5	[176, 173, 170, 201, 172, 455, 191, 201, 201, 168]
RPL37	184.5	[449, 430, 180, 178, 162, 162, 462, 189, 160, 434]
RPL30	187.5	[163, 171, 210, 193, 183, 192, 196, 412, 161, 165]
FGA	188.0	[153, 209, 197, 113, 193, 209, 189, 182, 103, 187]
RPL9	190.5	[175, 190, 197, 190, 191, 181, 181, 191, 472, 438]
CARM1	193.5	[183, 204, 176, 156, 134, 210, 205, 142, 227, 231]
RPL39	194.5	[187, 180, 211, 174, 174, 455, 495, 153, 202, 445]
SLC6A11	196.0	[135, 206, 196, 206, 196, 134, 196, 212, 103, 131]
RPL13A	196.0	[415, 196, 460, 199, 165, 165, 196, 140, 234, 145]
RPL27A	196.0	[187, 169, 178, 175, 367, 197, 213, 460, 195, 197]
PFKFB2	199.5	[194, 319, 194, 234, 205, 186, 140, 264, 194, 238]
RPS17	200.0	[200, 478, 200, 169, 446, 200, 169, 157, 198, 215]
F13A1	201.0	[136, 159, 185, 291, 201, 227, 201, 243, 216, 153]
F5	202.5	[281, 313, 180, 192, 151, 178, 223, 268, 213, 150]
LAMP2	205.5	[219, 135, 250, 132, 173, 211, 243, 200, 211, 200]
RPS24	205.5	[462, 387, 167, 214, 143, 433, 197, 164, 184, 453]
ETS1	206.5	[208, 251, 205, 191, 191, 239, 225, 123, 139, 288]
IFITM1	207.5	[249, 193, 223, 142, 222, 227, 148, 127, 188, 241]
PDE5A	208.5	[154, 236, 228, 271, 178, 198, 280, 201, 178, 216]
ICAM3	210.0	[199, 179, 210, 483, 210, 219, 228, 215, 140, 141]
CBL	210.0	[194, 211, 199, 195, 304, 208, 209, 239, 262, 333]
TNFSF8	211.0	[151, 161, 207, 234, 207, 251, 282, 212, 276, 210]
ANXA1	211.5	[206, 645, 248, 222, 217, 217, 152, 131, 137, 134]
F10	213.5	[212, 222, 191, 319, 243, 317, 129, 127, 215, 206]
ITGA6	214.0	[206, 147, 221, 175, 230, 215, 213, 218, 212, 231]
DNM1	214.5	[241, 139, 211, 239, 211, 263, 138, 241, 202, 218]
F2	216.0	[242, 220, 215, 237, 217, 190, 211, 208, 213, 248]
CD53	216.0	[185, 703, 144, 210, 170, 224, 213, 630, 239, 219]
SERPINB2	216.5	[182, 197, 221, 231, 225, 212, 242, 209, 159, 235]
FCGR3A	217.5	[204, 255, 204, 244, 196, 220, 215, 260, 262, 179]
HDAC1	217.5	[228, 218, 206, 200, 218, 126, 222, 217, 497, 139]
ITGB3	219.0	[268, 205, 282, 190, 205, 187, 226, 244, 257, 212]
PLAT	222.0	[150, 213, 212, 247, 237, 193, 241, 231, 190, 244]
EGF	222.5	[273, 270, 190, 314, 221, 218, 270, 128, 218, 224]
AP1G2	224.0	[202, 141, 225, 334, 168, 224, 231, 150, 224, 225]
BIRC2	224.5	[273, 228, 217, 224, 613, 214, 225, 185, 263, 211]
PROC	227.5	[251, 220, 123, 273, 166, 252, 124, 220, 235, 245]
MYH9	228.5	[485, 230, 584, 158, 195, 238, 194, 135, 228, 229]
SLC16A2	230.0	[178, 271, 216, 223, 286, 237, 286, 236, 200, 224]
PROS1	230.0	[231, 119, 126, 302, 209, 229, 302, 215, 241, 253]
CD2	234.0	[223, 274, 243, 225, 257, 216, 225, 219, 316, 342]
SERPINE1	234.5	[206, 251, 167, 205, 231, 238, 254, 212, 294, 258]
SLC16A3	235.0	[254, 216, 198, 151, 257, 160, 261, 263, 255, 180]
BRCA1	235.0	[277, 274, 257, 229, 240, 193, 225, 221, 235, 235]
SLC10A2	235.5	[311, 181, 188, 230, 289, 259, 281, 191, 241, 181]
TNFSF10	236.5	[273, 229, 228, 192, 242, 242, 238, 242, 235, 196]
IER3	237.5	[264, 745, 209, 234, 192, 225, 272, 241, 234, 277]
IGF1R	237.5	[236, 238, 237, 251, 247, 249, 226, 213, 257, 190]
SON	238.0	[238, 246, 245, 253, 238, 180, 234, 231, 260, 238]
NDUFB5	238.5	[198, 229, 452, 344, 343, 149, 248, 411, 130, 196]
BNIP3	240.0	[215, 253, 204, 240, 261, 231, 240, 318, 240, 214]
PLAU	240.0	[241, 241, 241, 231, 239, 233, 218, 266, 227, 243]
CSF2RA	240.5	[188, 229, 203, 275, 265, 234, 251, 373, 247, 214]
NRG2	244.0	[309, 236, 259, 669, 241, 218, 228, 247, 277, 220]
SERPINC1	245.0	[343, 242, 212, 247, 158, 252, 244, 200, 247, 246]
SPN	245.5	[273, 234, 279, 278, 203, 186, 166, 246, 245, 280]
SEMA4D	247.0	[245, 249, 227, 262, 229, 139, 284, 153, 354, 282]
MMP9	247.5	[267, 228, 200, 215, 264, 245, 250, 204, 264, 269]
SLC6A3	247.5	[326, 231, 203, 292, 289, 283, 263, 116, 232, 197]
DAP3	249.0	[240, 237, 316, 231, 243, 241, 307, 489, 299, 255]
MYBL2	249.0	[227, 283, 242, 311, 230, 249, 249, 170, 250, 632]
TNFRSF8	251.0	[329, 286, 200, 279, 262, 252, 250, 206, 137, 243]
INPPL1	254.0	[249, 230, 248, 242, 258, 290, 250, 282, 326, 264]
FOLR3	254.5	[216, 255, 234, 205, 338, 400, 270, 198, 254, 261]
MMP2	254.5	[279, 275, 221, 282, 254, 246, 246, 282, 198, 255]
SMPD1	255.0	[280, 292, 253, 257, 238, 263, 268, 253, 232, 229]
SLC15A1	255.0	[226, 212, 268, 318, 253, 305, 278, 230, 257, 220]
PAK1	255.5	[262, 186, 238, 287, 313, 286, 262, 249, 223, 209]
CLU	256.0	[280, 225, 274, 236, 283, 236, 218, 280, 238, 310]
SLC12A1	256.5	[239, 303, 302, 293, 198, 134, 235, 205, 274, 315]
SLC20A1	258.0	[253, 346, 282, 264, 256, 260, 144, 240, 264, 188]
CDK3	259.0	[261, 294, 220, 263, 255, 239, 307, 265, 257, 226]
SLC17A2	259.5	[235, 277, 199, 290, 164, 211, 290, 283, 242, 280]
CSF1	259.5	[249, 243, 260, 285, 332, 259, 259, 294, 379, 239]
F13B	260.0	[262, 283, 258, 285, 199, 517, 232, 351, 160, 255]
CD14	261.5	[405, 254, 227, 247, 269, 269, 252, 180, 363, 311]
PF4	262.5	[229, 360, 350, 261, 224, 282, 127, 298, 264, 144]
GAB2	264.0	[290, 271, 251, 284, 263, 223, 281, 265, 208, 242]
CFLAR	265.0	[263, 267, 343, 234, 257, 280, 241, 214, 304, 307]
NDUFS8	269.5	[172, 279, 311, 397, 450, 188, 180, 107, 260, 378]
RXRA	272.0	[145, 148, 316, 277, 313, 267, 283, 170, 198, 367]
F9	272.0	[269, 294, 280, 266, 283, 272, 272, 329, 256, 266]
NCOA3	273.0	[323, 277, 260, 273, 240, 273, 215, 291, 291, 252]
SLC10A1	273.0	[273, 169, 337, 196, 320, 283, 273, 298, 231, 222]
PIK3CD	273.0	[301, 285, 296, 250, 248, 261, 329, 239, 221, 302]
TNFRSF10D	273.0	[259, 265, 247, 247, 293, 349, 320, 264, 281, 292]
THBD	274.0	[216, 255, 488, 244, 264, 283, 331, 265, 411, 324]
CSF2	275.0	[262, 275, 275, 275, 621, 336, 275, 234, 241, 275]
CHRNB1	275.5	[334, 301, 283, 268, 185, 268, 301, 332, 235, 245]
HSPB1	276.0	[263, 280, 276, 209, 313, 276, 281, 268, 253, 281]
KITLG	277.0	[252, 286, 262, 259, 277, 218, 277, 369, 396, 313]
SLC16A4	277.0	[275, 150, 259, 304, 315, 279, 375, 321, 206, 275]
P2RX4	277.5	[282, 272, 341, 273, 263, 295, 248, 326, 269, 364]
EPHB1	278.0	[259, 287, 296, 281, 293, 247, 288, 275, 214, 257]
TNFRSF10A	278.5	[257, 279, 302, 442, 250, 267, 278, 283, 248, 440]
PIK3CB	278.5	[245, 240, 297, 250, 273, 274, 326, 297, 283, 315]
PF4V1	281.5	[247, 117, 251, 285, 341, 278, 488, 285, 324, 231]
TRAF1	282.0	[247, 282, 334, 387, 327, 270, 245, 238, 282, 302]
P2RX3	284.0	[284, 251, 300, 250, 284, 251, 334, 243, 512, 284]
F11	284.0	[296, 267, 262, 278, 333, 290, 268, 323, 303, 268]
APP	284.5	[268, 283, 329, 286, 368, 253, 271, 283, 289, 369]
RARA	286.0	[333, 285, 333, 293, 220, 296, 287, 272, 217, 205]
PLG	287.0	[300, 276, 300, 298, 262, 479, 246, 305, 276, 265]
EPOR	288.0	[233, 344, 390, 344, 268, 308, 201, 221, 220, 390]
FOLR1	289.5	[321, 291, 210, 258, 288, 327, 293, 585, 216, 230]
CD8A	290.5	[290, 397, 277, 290, 256, 291, 350, 277, 306, 297]
BMP1	293.0	[260, 268, 332, 308, 319, 261, 297, 294, 269, 292]
TGFBI	296.0	[337, 300, 306, 284, 292, 316, 275, 286, 281, 337]
CD4	296.0	[267, 378, 364, 409, 281, 281, 292, 296, 296, 406]
CHRNA7	298.0	[311, 247, 316, 299, 458, 347, 247, 278, 297, 276]
FCER1G	298.0	[297, 318, 240, 358, 265, 299, 323, 287, 318, 291]
TNFRSF10B	299.0	[302, 385, 263, 233, 246, 239, 340, 296, 304, 313]
SLC16A8	299.0	[425, 241, 297, 255, 312, 371, 266, 301, 407, 212]
GP5	300.0	[361, 264, 355, 385, 283, 261, 366, 198, 302, 298]
POLR2A	300.5	[394, 188, 495, 207, 169, 502, 159, 152, 394, 409]
P2RX1	301.0	[250, 236, 380, 298, 291, 298, 305, 516, 304, 407]
PMAIP1	304.5	[292, 348, 373, 367, 322, 288, 277, 317, 268, 261]
EPO	305.0	[274, 454, 306, 313, 433, 304, 255, 337, 264, 298]
SRF	306.5	[324, 281, 369, 240, 255, 304, 266, 354, 342, 309]
IL9	307.0	[322, 450, 290, 299, 315, 450, 353, 264, 276, 255]
TNFRSF10C	308.0	[291, 219, 368, 308, 452, 282, 324, 315, 265, 308]
CALU	309.0	[242, 443, 305, 443, 313, 248, 190, 323, 224, 443]
RPS2	311.5	[184, 193, 185, 147, 470, 461, 451, 167, 430, 459]
SFN	313.0	[327, 428, 499, 271, 267, 280, 318, 262, 364, 308]
NDUFS6	313.5	[273, 579, 299, 372, 139, 145, 437, 231, 328, 400]
PIK3CA	314.5	[324, 305, 301, 336, 322, 317, 309, 312, 322, 296]
CTSD	315.0	[246, 388, 442, 260, 222, 313, 317, 280, 336, 345]
OAT	316.0	[446, 189, 307, 325, 365, 256, 349, 279, 406, 251]
YWHAZ	316.5	[384, 313, 228, 320, 384, 288, 426, 336, 283, 272]
NPR1	318.5	[351, 404, 298, 331, 300, 358, 247, 283, 556, 306]
SUCLA2	319.5	[168, 300, 321, 318, 381, 689, 135, 307, 336, 359]
OGDH	319.5	[370, 372, 314, 309, 351, 94, 325, 136, 309, 349]
PIK3R1	320.5	[328, 311, 321, 320, 305, 341, 324, 315, 328, 310]
P2RX7	323.0	[280, 336, 282, 289, 284, 532, 341, 381, 394, 310]
GUCY2C	325.5	[301, 352, 266, 255, 414, 324, 322, 387, 551, 327]
GUCY1A2	326.5	[292, 257, 332, 278, 351, 321, 305, 351, 403, 355]
TJP2	327.0	[328, 268, 262, 398, 324, 328, 326, 314, 369, 427]
PGAM1	328.5	[308, 346, 336, 321, 280, 445, 258, 346, 386, 236]
IL3	329.0	[302, 325, 350, 295, 286, 482, 330, 328, 388, 334]
ACO2	330.5	[521, 354, 286, 130, 284, 307, 150, 441, 613, 383]
TH	331.0	[269, 320, 451, 328, 442, 383, 281, 314, 353, 334]
IL11	332.5	[286, 433, 278, 408, 269, 308, 356, 411, 311, 354]
RASA1	332.5	[334, 390, 302, 292, 311, 342, 331, 381, 292, 445]
UQCRB	333.5	[242, 323, 445, 495, 471, 344, 144, 296, 269, 445]
BAD	335.0	[387, 335, 358, 384, 214, 324, 335, 277, 343, 329]
GUCY1B3	337.0	[327, 321, 508, 287, 429, 367, 287, 461, 265, 347]
AKR1B1	338.5	[319, 402, 329, 223, 402, 313, 415, 354, 348, 290]
GP1BB	340.0	[332, 378, 355, 355, 339, 263, 388, 333, 341, 311]
DUSP1	340.0	[271, 465, 479, 343, 337, 327, 353, 371, 266, 266]
TIAF1	340.0	[300, 328, 276, 387, 429, 352, 276, 308, 505, 398]
HRAS	340.5	[344, 351, 298, 328, 353, 354, 347, 310, 337, 327]
YWHAB	341.0	[326, 571, 270, 439, 382, 356, 499, 277, 277, 241]
NDUFS5	341.5	[438, 563, 261, 281, 380, 195, 412, 521, 134, 303]
PIK3CG	342.0	[350, 352, 321, 334, 321, 329, 369, 352, 383, 314]
MAP2K1	342.5	[339, 348, 308, 346, 347, 328, 350, 308, 333, 347]
IDH2	343.0	[377, 310, 384, 314, 393, 310, 310, 130, 440, 372]
NDUFV1	344.5	[381, 344, 362, 248, 291, 190, 439, 327, 441, 345]
YWHAE	345.0	[337, 568, 589, 171, 388, 349, 291, 301, 341, 521]
PIK3R2	345.0	[423, 360, 338, 360, 332, 326, 431, 352, 317, 326]
RAF1	346.5	[298, 292, 404, 347, 331, 346, 368, 365, 389, 323]
GTF2F2	347.0	[422, 206, 460, 487, 444, 162, 272, 503, 157, 186]
BIRC5	348.0	[349, 404, 310, 355, 354, 301, 378, 316, 319, 347]
MGST3	348.5	[291, 314, 303, 351, 371, 401, 416, 323, 367, 346]
DIO1	349.0	[339, 397, 375, 504, 404, 343, 350, 338, 348, 338]
ADCY8	349.0	[296, 348, 354, 383, 444, 299, 350, 402, 329, 345]
GP9	349.0	[391, 371, 428, 218, 472, 359, 327, 337, 339, 257]
IL3RA	349.5	[360, 342, 361, 325, 356, 357, 340, 262, 343, 365]
ELK4	350.0	[362, 311, 283, 494, 335, 374, 353, 473, 324, 347]
FH	350.5	[155, 404, 356, 124, 322, 367, 310, 634, 416, 345]
EMP1	351.5	[416, 357, 325, 395, 279, 305, 395, 364, 346, 326]
CDC25B	353.0	[352, 428, 354, 183, 321, 260, 452, 361, 303, 361]
NDUFB3	353.0	[299, 338, 275, 397, 343, 363, 266, 425, 363, 363]
CDKN1B	355.0	[402, 359, 346, 351, 308, 426, 350, 296, 450, 484]
VWF	356.0	[367, 442, 270, 396, 356, 297, 356, 356, 334, 450]
YWHAQ	356.0	[253, 173, 349, 462, 454, 469, 591, 285, 333, 363]
IRS1	356.5	[343, 376, 417, 340, 337, 384, 362, 318, 351, 512]
STAT1	357.0	[352, 365, 327, 362, 311, 388, 378, 431, 294, 331]
MAP2K4	357.0	[375, 353, 357, 357, 372, 314, 415, 320, 400, 343]
NPR2	357.5	[295, 396, 383, 332, 295, 303, 394, 280, 398, 448]
GUCY2D	358.5	[328, 368, 349, 347, 408, 269, 268, 539, 423, 442]
TGFBR3	359.0	[285, 337, 269, 323, 356, 417, 383, 403, 381, 362]
NDUFS4	360.0	[292, 597, 274, 363, 440, 265, 359, 391, 163, 361]
CAV2	365.5	[365, 341, 413, 470, 366, 412, 421, 314, 323, 335]
CD80	366.0	[256, 498, 226, 471, 377, 182, 437, 265, 355, 443]
CS	367.0	[409, 655, 122, 435, 308, 435, 288, 360, 298, 374]
GP1BA	369.0	[405, 369, 338, 369, 357, 405, 369, 357, 422, 279]
SOS1	369.0	[361, 383, 380, 383, 356, 376, 330, 327, 375, 363]
IL6R	370.0	[418, 377, 382, 368, 372, 362, 294, 382, 300, 351]
YWHAH	371.0	[307, 376, 366, 385, 326, 424, 335, 436, 466, 312]
BCL2L11	371.5	[386, 410, 503, 348, 357, 321, 349, 605, 340, 579]
PRKAR1A	372.0	[426, 366, 379, 386, 371, 344, 371, 364, 374, 373]
FCER1A	372.0	[372, 497, 502, 306, 372, 520, 449, 366, 372, 372]
MAPKAPK3	373.0	[357, 258, 438, 492, 342, 276, 323, 389, 452, 416]
POLR2J	373.5	[411, 176, 336, 425, 505, 193, 205, 427, 427, 163]
GTF2F1	375.0	[429, 136, 384, 174, 366, 329, 493, 361, 500, 423]
GPM6B	375.0	[352, 378, 417, 361, 443, 431, 372, 414, 367, 336]
FYN	377.5	[427, 389, 366, 407, 316, 303, 363, 413, 395, 326]
PMP22	377.5	[301, 459, 283, 374, 540, 381, 628, 293, 367, 452]
PLCG1	379.0	[403, 398, 365, 328, 545, 361, 310, 439, 393, 328]
RAC1	379.5	[399, 363, 421, 355, 354, 378, 342, 381, 433, 394]
NDUFS2	379.5	[351, 283, 403, 341, 369, 390, 410, 308, 407, 448]
PRKAR2A	380.0	[380, 403, 383, 380, 335, 351, 394, 342, 335, 429]
IL18	381.0	[385, 408, 443, 363, 343, 470, 372, 394, 377, 325]
YWHAG	384.5	[420, 365, 378, 317, 391, 433, 299, 556, 337, 406]
PRKAR2B	384.5	[407, 361, 370, 370, 405, 384, 370, 394, 411, 385]
PRKAR1B	386.0	[378, 379, 442, 348, 396, 393, 434, 444, 379, 344]
ADCY1	386.0	[421, 416, 421, 299, 374, 274, 319, 285, 398, 442]
PRKACB	386.5	[409, 365, 349, 363, 389, 405, 384, 405, 339, 454]
CAMK1	387.5	[326, 337, 543, 561, 391, 408, 384, 334, 326, 620]
GABRP	387.5	[418, 369, 295, 499, 406, 451, 447, 302, 293, 295]
POLR2C	388.0	[325, 390, 162, 178, 425, 424, 420, 203, 387, 389]
TIMP3	388.5	[385, 428, 313, 254, 385, 392, 329, 474, 463, 471]
PRKACG	390.5	[368, 410, 388, 393, 359, 368, 415, 404, 412, 359]
FOS	391.5	[425, 390, 391, 392, 388, 369, 510, 405, 351, 393]
NDUFV2	394.5	[131, 409, 184, 233, 332, 435, 438, 476, 528, 380]
AKAP12	394.5	[420, 391, 361, 277, 331, 436, 391, 488, 422, 398]
SLC6A4	396.0	[364, 469, 330, 315, 458, 397, 381, 511, 530, 395]
POLR2D	396.0	[489, 463, 469, 396, 158, 489, 126, 396, 209, 342]
CDKN2C	397.0	[397, 441, 370, 458, 329, 369, 447, 428, 315, 397]
ANGPT1	398.0	[433, 251, 369, 402, 394, 394, 402, 426, 436, 369]
ANPEP	399.0	[403, 450, 245, 371, 365, 425, 401, 399, 399, 337]
IL6ST	400.0	[260, 421, 306, 312, 394, 394, 486, 512, 406, 487]
CASP10	403.0	[442, 403, 326, 410, 497, 369, 353, 403, 336, 466]
LAMA4	403.5	[392, 354, 423, 432, 266, 368, 358, 415, 423, 429]
POLR2G	404.5	[150, 393, 413, 272, 472, 285, 488, 465, 539, 396]
SLC34A1	405.0	[391, 442, 372, 560, 355, 419, 376, 366, 533, 537]
SLC16A6	405.5	[369, 533, 414, 642, 267, 397, 483, 337, 415, 337]
TGFB1	405.5	[348, 405, 343, 424, 409, 372, 406, 438, 531, 369]
CORO1A	406.0	[412, 361, 380, 400, 397, 509, 386, 536, 507, 477]
RPS6KB1	406.5	[374, 426, 315, 469, 472, 315, 359, 550, 521, 387]
NDUFB8	407.0	[444, 312, 444, 387, 444, 92, 136, 407, 407, 434]
NDUFC1	408.5	[418, 412, 246, 419, 480, 405, 369, 449, 241, 176]
BCL2L1	409.0	[482, 434, 338, 354, 431, 310, 454, 362, 427, 391]
SHC1	411.0	[405, 387, 424, 427, 411, 434, 411, 401, 364, 427]
FGFR2	412.5	[265, 410, 452, 204, 380, 430, 415, 338, 512, 430]
ANG	412.5	[291, 445, 400, 360, 425, 535, 378, 762, 384, 654]
LSP1	413.5	[537, 437, 336, 375, 390, 611, 342, 451, 262, 516]
POLR2L	414.5	[274, 454, 453, 158, 496, 100, 460, 445, 384, 170]
HGF	416.0	[391, 280, 508, 307, 414, 544, 418, 405, 418, 556]
SLC12A3	416.5	[452, 410, 402, 383, 423, 463, 455, 475, 326, 374]
POLR2H	416.5	[322, 193, 552, 495, 401, 382, 432, 605, 382, 534]
POLR2B	420.0	[471, 369, 434, 362, 501, 406, 404, 619, 455, 344]
NDUFS3	423.0	[532, 443, 338, 338, 398, 422, 473, 424, 532, 230]
ADM	423.5	[437, 582, 333, 607, 414, 355, 389, 321, 433, 474]
GRB2	424.0	[442, 421, 428, 397, 410, 418, 439, 427, 436, 411]
CLTB	428.0	[436, 646, 592, 341, 381, 347, 470, 420, 687, 420]
IL8	429.5	[402, 434, 425, 365, 447, 479, 459, 398, 409, 453]
GUCY2F	433.5	[454, 514, 400, 397, 537, 514, 414, 453, 279, 412]
HCFC1	435.0	[455, 455, 358, 470, 393, 491, 312, 455, 415, 393]
POLR2E	435.5	[162, 491, 557, 494, 465, 148, 398, 443, 428, 391]
POLR2K	436.0	[429, 283, 342, 420, 443, 466, 449, 399, 466, 466]
POLR2F	436.5	[442, 390, 380, 134, 486, 449, 185, 490, 431, 617]
SDHA	438.0	[663, 435, 425, 507, 298, 421, 651, 441, 291, 453]
YES1	441.5	[416, 280, 366, 488, 382, 449, 598, 545, 457, 434]
SP1	442.0	[484, 453, 379, 591, 286, 305, 465, 431, 453, 338]
TPI1	442.0	[517, 464, 447, 436, 536, 435, 332, 431, 437, 530]
PTPN6	443.0	[419, 446, 413, 450, 412, 415, 445, 453, 441, 507]
CSNK2A1	444.0	[366, 496, 463, 346, 425, 465, 465, 372, 478, 419]
CHRNA4	444.5	[500, 507, 421, 398, 398, 468, 338, 408, 495, 717]
BUB1	446.0	[332, 349, 409, 524, 575, 560, 432, 460, 548, 397]
HK1	446.5	[524, 446, 438, 438, 440, 447, 473, 466, 402, 642]
IL1B	448.0	[403, 391, 396, 687, 463, 545, 479, 510, 433, 375]
AKT1	448.5	[457, 468, 459, 402, 440, 428, 421, 426, 463, 479]
GSTP1	450.0	[498, 463, 373, 506, 654, 437, 367, 376, 494, 388]
IGHM	450.5	[458, 512, 556, 411, 314, 411, 556, 537, 443, 369]
CHRNA3	451.0	[434, 404, 524, 404, 388, 468, 679, 596, 401, 468]
LDHB	451.0	[403, 492, 474, 512, 428, 360, 374, 414, 484, 545]
CSF2RB	452.0	[558, 430, 452, 517, 452, 398, 430, 576, 474, 420]
PTPN11	454.0	[461, 444, 532, 378, 399, 377, 486, 447, 473, 486]
PTEN	454.5	[450, 507, 455, 397, 345, 543, 454, 555, 408, 463]
KRT8	455.0	[287, 547, 489, 488, 564, 391, 422, 272, 539, 339]
GBX2	456.0	[456, 403, 521, 353, 389, 392, 542, 458, 468, 456]
RPS11	457.5	[460, 242, 473, 169, 189, 187, 455, 476, 476, 477]
CDC42	459.0	[444, 328, 423, 433, 538, 473, 455, 465, 519, 463]
MAPK3	459.5	[457, 444, 443, 477, 463, 453, 474, 438, 462, 497]
HMOX1	460.0	[521, 412, 485, 553, 460, 451, 434, 466, 376, 460]
TSC2	460.0	[431, 539, 439, 363, 481, 523, 277, 483, 431, 542]
GSTA4	460.5	[426, 569, 538, 467, 335, 420, 448, 454, 477, 471]
SKP2	465.5	[429, 467, 491, 438, 633, 429, 606, 491, 446, 464]
TREH	466.0	[490, 442, 363, 439, 405, 507, 438, 540, 591, 542]
NCL	467.0	[438, 515, 551, 233, 429, 506, 468, 961, 288, 466]
LDHA	467.5	[482, 421, 583, 403, 425, 839, 416, 453, 524, 839]
BIRC3	469.0	[580, 765, 405, 392, 469, 469, 412, 620, 443, 829]
PHGDH	470.0	[480, 554, 460, 442, 510, 488, 554, 327, 390, 339]
MDM2	470.5	[491, 428, 446, 347, 490, 490, 595, 531, 451, 304]
PBX3	472.0	[491, 574, 388, 528, 426, 524, 498, 408, 453, 398]
PIK3R3	475.5	[364, 503, 522, 424, 474, 547, 477, 511, 457, 453]
TP53	475.5	[363, 519, 469, 445, 532, 482, 519, 456, 415, 524]
GPT	475.5	[528, 327, 496, 475, 442, 454, 419, 476, 485, 803]
USP22	477.0	[465, 605, 571, 316, 385, 489, 396, 551, 459, 523]
PTK2B	477.5	[524, 324, 344, 474, 504, 481, 488, 459, 324, 581]
TNFAIP2	479.0	[515, 479, 485, 479, 363, 479, 446, 414, 385, 585]
POLR2I	480.5	[423, 476, 494, 613, 431, 507, 423, 509, 312, 485]
MKI67	481.5	[555, 574, 462, 455, 392, 493, 542, 380, 555, 470]
MAP3K7	484.5	[478, 502, 535, 557, 304, 470, 487, 470, 482, 531]
LDHC	485.0	[332, 761, 452, 771, 481, 410, 489, 824, 368, 516]
LCT	487.0	[310, 484, 504, 471, 490, 514, 588, 527, 392, 418]
TNFSF12	487.5	[489, 480, 500, 470, 424, 493, 493, 602, 486, 403]
EPAS1	488.0	[596, 488, 596, 488, 465, 480, 508, 464, 491, 480]
ALOX5AP	488.0	[378, 458, 572, 563, 518, 572, 552, 373, 307, 373]
PYGL	488.0	[467, 338, 540, 573, 439, 509, 439, 442, 568, 658]
GJA1	488.5	[530, 546, 408, 426, 465, 489, 488, 425, 523, 534]
PGR	490.0	[396, 568, 490, 379, 392, 543, 490, 423, 549, 510]
BAX	490.0	[495, 485, 458, 498, 439, 457, 540, 485, 555, 530]
TTR	491.5	[506, 444, 562, 465, 477, 431, 545, 641, 423, 593]
MMP19	492.0	[538, 514, 500, 453, 492, 349, 401, 518, 492, 426]
RNF2	493.0	[538, 543, 538, 402, 395, 563, 488, 453, 453, 498]
KHK	493.5	[604, 520, 440, 382, 470, 601, 517, 425, 432, 527]
NRG1	493.5	[513, 392, 397, 496, 520, 450, 297, 491, 533, 560]
PYGM	495.0	[497, 456, 431, 656, 590, 493, 643, 501, 396, 404]
MYO6	495.0	[561, 578, 541, 280, 479, 441, 484, 248, 533, 506]
TACC1	498.0	[477, 414, 495, 705, 632, 706, 501, 602, 409, 434]
GLRA3	498.0	[515, 499, 475, 619, 483, 485, 460, 530, 497, 556]
CCND3	500.0	[500, 500, 389, 613, 499, 395, 510, 413, 501, 500]
EPHB4	500.0	[578, 476, 589, 487, 432, 189, 500, 551, 500, 533]
RAP1B	502.0	[515, 563, 545, 486, 556, 504, 500, 433, 469, 443]
CREB1	503.0	[562, 504, 474, 547, 546, 505, 502, 440, 501, 481]
CD86	503.0	[544, 388, 445, 450, 394, 544, 542, 511, 507, 499]
SYK	504.5	[569, 465, 435, 435, 482, 565, 454, 583, 552, 527]
PGM1	505.0	[533, 477, 433, 623, 433, 549, 619, 726, 442, 364]
SLC17A3	505.5	[324, 466, 540, 505, 390, 533, 649, 511, 506, 338]
GSN	505.5	[559, 381, 381, 562, 407, 498, 513, 485, 553, 664]
IL5	506.0	[459, 497, 515, 552, 474, 482, 549, 603, 432, 515]
CASP8	506.0	[503, 520, 514, 380, 544, 495, 503, 520, 335, 509]
FBL	506.0	[746, 483, 896, 472, 573, 483, 492, 786, 408, 520]
RAD50	507.5	[493, 650, 362, 551, 613, 417, 571, 458, 426, 522]
CA2	510.0	[545, 489, 568, 531, 489, 392, 487, 358, 564, 555]
CHRNA2	512.0	[569, 465, 523, 604, 468, 427, 595, 399, 626, 501]
PTPRR	514.5	[563, 590, 525, 471, 499, 455, 443, 536, 508, 521]
MPI	515.5	[481, 496, 377, 657, 394, 535, 555, 472, 558, 668]
FGR	516.5	[472, 451, 499, 545, 521, 539, 520, 513, 535, 512]
PDGFA	516.5	[557, 570, 518, 493, 412, 358, 541, 515, 525, 465]
EP300	518.0	[446, 503, 366, 533, 570, 420, 500, 586, 617, 602]
ACHE	518.0	[552, 364, 553, 643, 518, 266, 501, 669, 518, 344]
MAP2K2	519.0	[628, 478, 510, 602, 543, 507, 602, 481, 528, 481]
IL4	520.0	[520, 549, 634, 505, 520, 486, 520, 513, 524, 486]
SLC6A7	520.0	[644, 347, 296, 323, 614, 339, 559, 481, 666, 644]
FIGF	521.0	[528, 558, 530, 469, 480, 514, 476, 480, 604, 550]
LYN	521.0	[496, 551, 570, 522, 502, 576, 494, 591, 511, 520]
STAT3	521.0	[595, 517, 510, 562, 503, 550, 492, 519, 557, 523]
DUSP4	522.0	[522, 522, 497, 522, 515, 558, 509, 485, 546, 522]
DHODH	524.0	[593, 605, 463, 396, 412, 477, 593, 593, 571, 473]
GAD2	525.0	[357, 475, 515, 591, 482, 535, 607, 629, 457, 535]
COL1A2	526.5	[541, 441, 361, 513, 540, 513, 563, 424, 541, 602]
DHCR7	529.5	[529, 415, 508, 620, 670, 398, 720, 636, 530, 384]
ACADS	530.5	[479, 555, 648, 544, 455, 517, 445, 480, 563, 555]
RBBP6	530.5	[476, 523, 578, 538, 656, 696, 333, 522, 622, 421]
MAPK8	532.0	[552, 490, 468, 550, 617, 433, 497, 550, 565, 514]
BMP4	532.0	[402, 335, 599, 360, 582, 637, 655, 525, 539, 501]
MAOA	532.0	[696, 536, 428, 357, 528, 551, 516, 354, 738, 765]
IL6	532.5	[557, 517, 532, 598, 524, 602, 509, 533, 541, 508]
ITGAV	533.0	[431, 500, 607, 495, 584, 684, 533, 533, 342, 558]
JAG1	534.0	[484, 505, 585, 574, 596, 554, 500, 608, 514, 484]
NFATC2	535.0	[533, 499, 566, 667, 546, 493, 537, 525, 526, 554]
DPYD	535.5	[549, 513, 614, 518, 522, 561, 561, 655, 520, 500]
ITGA2	538.0	[481, 601, 328, 530, 634, 514, 824, 497, 546, 546]
NFATC1	538.0	[472, 562, 639, 505, 528, 672, 637, 472, 500, 548]
AMT	539.0	[469, 479, 515, 653, 672, 521, 578, 557, 499, 609]
ACADVL	541.0	[584, 627, 559, 452, 590, 522, 530, 464, 552, 460]
ITGB1	541.5	[528, 545, 539, 609, 643, 459, 559, 527, 544, 512]
NRIP1	542.5	[530, 522, 558, 555, 433, 626, 310, 326, 560, 558]
IDH3A	544.5	[223, 354, 197, 810, 267, 669, 825, 669, 420, 816]
CCNA2	545.0	[573, 457, 530, 469, 547, 530, 543, 577, 606, 618]
CTH	546.0	[402, 579, 569, 506, 283, 595, 506, 523, 595, 640]
SRD5A2	546.5	[485, 640, 553, 781, 579, 638, 516, 485, 540, 462]
GLUD1	550.5	[585, 551, 416, 469, 590, 447, 550, 566, 547, 637]
ACADL	551.0	[423, 598, 553, 670, 442, 405, 549, 650, 586, 487]
ACADSB	551.5	[477, 606, 574, 581, 516, 493, 634, 545, 527, 558]
LCK	552.0	[558, 581, 526, 472, 551, 553, 557, 559, 502, 466]
JUN	552.0	[615, 543, 573, 546, 550, 554, 572, 616, 526, 540]
JUNB	552.0	[585, 726, 538, 399, 598, 532, 550, 652, 532, 554]
CLTA	552.0	[694, 626, 482, 481, 548, 678, 550, 554, 548, 725]
CHRNE	552.5	[604, 553, 597, 517, 552, 503, 400, 612, 552, 765]
CDK2	557.0	[608, 551, 538, 577, 497, 620, 563, 533, 550, 575]
CLTC	557.0	[729, 563, 505, 674, 550, 346, 315, 599, 588, 551]
VCAM1	557.0	[670, 503, 505, 452, 658, 540, 666, 548, 723, 566]
MAF	557.0	[575, 553, 624, 491, 530, 558, 688, 556, 548, 655]
CD44	557.5	[523, 546, 569, 673, 542, 404, 476, 578, 614, 777]
IL5RA	558.0	[584, 571, 361, 702, 550, 420, 566, 646, 474, 507]
JAK2	559.0	[570, 529, 522, 562, 584, 561, 541, 541, 557, 572]
AP2M1	559.5	[647, 469, 785, 535, 511, 550, 637, 575, 569, 469]
MAPK1	560.5	[549, 549, 594, 567, 556, 571, 549, 590, 565, 556]
HAL	562.0	[738, 647, 570, 400, 394, 544, 634, 486, 658, 554]
TNFRSF1B	563.0	[489, 515, 562, 484, 608, 639, 564, 486, 661, 667]
CPS1	564.5	[584, 661, 533, 615, 432, 584, 545, 425, 589, 544]
ACADM	566.0	[705, 747, 498, 490, 592, 548, 596, 584, 484, 477]
COL1A1	568.0	[556, 683, 644, 644, 529, 570, 644, 482, 492, 566]
T	568.5	[598, 622, 599, 571, 527, 544, 541, 566, 566, 613]
CCND2	571.0	[676, 581, 448, 662, 559, 561, 712, 381, 855, 479]
GATA3	572.5	[572, 494, 646, 568, 576, 573, 594, 607, 548, 509]
DNM2	576.5	[551, 534, 568, 641, 585, 641, 512, 511, 661, 641]
NMI	577.0	[525, 704, 523, 622, 562, 574, 509, 749, 580, 729]
TRAF2	577.0	[573, 633, 646, 642, 581, 569, 552, 541, 593, 527]
CA6	578.0	[504, 409, 604, 630, 543, 604, 588, 416, 582, 574]
SRC	578.0	[529, 514, 575, 585, 581, 621, 585, 671, 574, 561]
TGFB2	582.0	[582, 718, 506, 527, 568, 610, 597, 394, 582, 599]
IFI16	584.0	[503, 685, 485, 666, 562, 758, 532, 623, 576, 592]
FGF1	584.0	[584, 661, 592, 489, 582, 644, 584, 557, 557, 616]
MEF2A	584.5	[556, 596, 609, 604, 578, 629, 579, 578, 520, 590]
EIF4E	584.5	[914, 522, 408, 647, 743, 934, 388, 469, 801, 477]
CA8	585.0	[585, 591, 490, 384, 538, 591, 587, 585, 567, 602]
DAB2	585.5	[607, 694, 673, 781, 545, 521, 564, 549, 705, 550]
CHRNB3	586.5	[584, 589, 619, 706, 632, 554, 549, 702, 542, 558]
CA5A	587.0	[607, 562, 617, 598, 527, 581, 623, 517, 465, 593]
ESRRA	589.0	[521, 651, 638, 641, 648, 573, 582, 596, 516, 525]
ETV1	591.0	[498, 719, 537, 387, 590, 731, 599, 592, 630, 531]
MEF2C	593.0	[580, 511, 631, 615, 554, 569, 606, 660, 613, 539]
CCND1	595.0	[591, 662, 593, 634, 631, 597, 617, 591, 580, 578]
BCL10	595.5	[372, 602, 409, 778, 382, 686, 589, 778, 606, 490]
BCL2	596.0	[614, 598, 591, 594, 567, 581, 544, 606, 611, 598]
MAP3K1	597.5	[653, 584, 590, 599, 665, 596, 564, 606, 571, 601]
CLCN3	598.0	[651, 593, 603, 592, 523, 603, 645, 542, 593, 821]
ELK1	601.0	[575, 621, 608, 650, 553, 666, 584, 579, 594, 627]
CDK4	603.5	[609, 614, 500, 562, 572, 636, 619, 541, 598, 619]
CLTCL1	606.0	[511, 758, 362, 610, 470, 661, 720, 412, 602, 612]
FGF6	607.5	[589, 615, 606, 560, 695, 628, 568, 662, 609, 597]
GABRA3	610.0	[602, 610, 609, 788, 747, 541, 701, 595, 610, 725]
THRA	610.5	[592, 549, 580, 732, 505, 659, 593, 635, 731, 628]
FGF2	610.5	[595, 632, 682, 544, 605, 614, 587, 623, 607, 619]
CCNE2	610.5	[572, 482, 521, 621, 734, 720, 649, 600, 671, 519]
NFKB1	611.5	[524, 552, 621, 607, 615, 609, 638, 614, 552, 698]
MYC	614.0	[626, 591, 625, 670, 603, 691, 595, 581, 651, 515]
MT2A	614.5	[650, 494, 637, 599, 624, 565, 693, 574, 624, 605]
SDHC	616.0	[592, 640, 267, 715, 368, 660, 850, 378, 577, 680]
IL2RA	617.0	[581, 680, 623, 667, 611, 585, 562, 577, 631, 666]
HNF4A	617.0	[522, 616, 524, 712, 629, 621, 507, 554, 618, 702]
KDR	618.0	[618, 569, 661, 622, 640, 529, 588, 573, 651, 618]
CASP9	621.0	[642, 702, 780, 605, 799, 467, 527, 494, 496, 637]
HCRT	622.0	[651, 768, 579, 533, 655, 944, 570, 593, 573, 768]
SYT5	624.0	[631, 861, 654, 572, 617, 651, 651, 606, 579, 584]
FLT4	624.5	[834, 663, 676, 783, 602, 571, 647, 493, 592, 563]
CASP8AP2	626.0	[608, 730, 284, 489, 856, 642, 758, 551, 783, 610]
NFATC3	626.5	[599, 654, 516, 559, 707, 707, 444, 567, 930, 708]
IL10RA	627.0	[628, 686, 626, 561, 545, 682, 766, 559, 673, 615]
EPHA4	628.0	[710, 611, 539, 659, 600, 856, 645, 536, 816, 611]
GLRA1	628.0	[631, 671, 599, 629, 627, 559, 626, 670, 619, 642]
NR6A1	631.5	[629, 653, 634, 799, 693, 727, 625, 562, 609, 573]
CHRNB2	631.5	[786, 443, 610, 623, 659, 508, 736, 640, 659, 443]
GLRA2	632.0	[655, 620, 550, 604, 632, 632, 657, 713, 573, 638]
CKM	634.0	[364, 529, 804, 739, 480, 480, 329, 809, 914, 967]
TRAF3	635.5	[902, 973, 601, 571, 444, 622, 894, 650, 649, 465]
COL4A5	636.0	[703, 623, 649, 611, 595, 675, 545, 703, 694, 565]
AMPH	636.5	[846, 514, 617, 617, 473, 707, 683, 765, 622, 651]
NR2C2	636.5	[633, 630, 729, 550, 646, 708, 640, 684, 620, 541]
BID	637.0	[643, 550, 639, 740, 635, 557, 602, 684, 779, 635]
GSTA2	637.0	[780, 613, 521, 866, 688, 611, 660, 802, 614, 474]
APAF1	637.0	[640, 637, 626, 747, 630, 608, 646, 637, 477, 640]
CHGA	639.0	[663, 773, 693, 681, 589, 574, 615, 578, 407, 791]
TNF	639.0	[580, 639, 679, 659, 609, 665, 642, 639, 596, 580]
L1CAM	640.0	[643, 661, 668, 682, 625, 624, 571, 637, 525, 646]
NR2E3	640.5	[550, 628, 704, 664, 648, 607, 700, 633, 615, 704]
ITGA5	641.0	[456, 676, 827, 647, 635, 785, 565, 821, 463, 414]
SLC30A3	641.5	[571, 621, 583, 604, 664, 688, 730, 660, 672, 623]
BCL2A1	642.0	[687, 604, 606, 617, 667, 604, 670, 692, 604, 721]
MAP2K3	642.5	[662, 681, 579, 570, 664, 657, 618, 641, 644, 635]
MAGEA6	642.5	[642, 788, 703, 622, 882, 738, 469, 643, 508, 562]
CD34	642.5	[635, 623, 718, 662, 509, 453, 702, 650, 805, 621]
ITGA1	645.0	[647, 759, 840, 590, 620, 693, 733, 624, 362, 643]
MAP2K6	648.5	[608, 689, 703, 673, 689, 652, 596, 623, 645, 645]
IL2	648.5	[608, 747, 579, 619, 568, 678, 695, 575, 680, 764]
IL2RB	650.5	[666, 645, 542, 668, 649, 652, 544, 674, 604, 722]
CCNE1	652.5	[569, 643, 762, 653, 725, 602, 659, 672, 542, 652]
STAT5A	652.5	[648, 646, 694, 662, 665, 709, 618, 619, 657, 633]
IKBKAP	654.5	[769, 559, 820, 657, 731, 559, 584, 652, 682, 584]
TOP2A	655.0	[743, 615, 654, 743, 702, 655, 655, 567, 621, 655]
TCF3	656.5	[618, 630, 624, 726, 570, 722, 726, 528, 722, 683]
SDHD	656.5	[807, 795, 641, 658, 655, 301, 733, 736, 625, 374]
JAK3	657.5	[663, 659, 637, 672, 656, 646, 650, 632, 738, 671]
COL4A3	658.5	[579, 620, 694, 600, 567, 718, 641, 742, 692, 676]
FGF18	659.5	[710, 635, 625, 708, 691, 661, 697, 604, 537, 658]
PALM	660.0	[661, 626, 659, 781, 678, 928, 784, 659, 546, 588]
STAT5B	661.0	[658, 670, 664, 675, 630, 665, 649, 669, 623, 643]
GNAI1	666.5	[759, 761, 653, 893, 724, 680, 653, 538, 537, 587]
RPL18A	667.5	[661, 731, 283, 288, 432, 831, 710, 626, 674, 804]
DOC2A	667.5	[662, 665, 538, 630, 674, 670, 600, 808, 681, 698]
SYN2	668.0	[668, 668, 682, 692, 685, 586, 629, 582, 589, 695]
VAMP2	670.0	[672, 460, 853, 667, 814, 668, 492, 728, 617, 786]
COL4A6	671.0	[605, 734, 681, 672, 700, 656, 745, 605, 670, 597]
GSTA3	672.5	[685, 619, 545, 717, 611, 806, 889, 821, 660, 644]
CREBBP	673.0	[786, 652, 816, 515, 601, 751, 477, 644, 706, 694]
APBA1	673.0	[531, 611, 840, 803, 654, 755, 785, 563, 680, 666]
DUSP6	673.5	[678, 717, 669, 680, 668, 660, 709, 659, 697, 659]
SYT1	674.0	[667, 799, 605, 689, 759, 681, 628, 580, 815, 596]
RELA	674.5	[668, 663, 660, 648, 717, 648, 681, 689, 689, 743]
KIT	675.0	[716, 669, 592, 691, 699, 699, 557, 681, 422, 606]
FGF20	676.5	[627, 704, 741, 758, 675, 655, 725, 672, 678, 613]
IL7	676.5	[671, 694, 748, 711, 671, 682, 746, 671, 653, 653]
CRK	677.0	[812, 772, 812, 542, 682, 582, 672, 485, 526, 782]
TNFAIP3	678.0	[541, 728, 602, 677, 715, 749, 660, 794, 595, 679]
VDR	679.0	[729, 804, 623, 703, 737, 620, 856, 655, 596, 614]
VEGFC	679.5	[764, 608, 710, 739, 703, 645, 611, 649, 656, 776]
STAT6	682.5	[634, 885, 668, 650, 676, 689, 703, 695, 706, 457]
RPS6KA1	685.0	[699, 666, 649, 694, 673, 687, 683, 699, 656, 702]
COL4A4	686.5	[623, 692, 641, 695, 681, 702, 655, 716, 727, 455]
CES1	686.5	[587, 416, 707, 606, 560, 782, 670, 707, 703, 825]
KRT5	686.5	[725, 694, 592, 673, 559, 802, 776, 735, 653, 679]
GSTZ1	689.5	[757, 615, 612, 771, 760, 622, 776, 473, 801, 538]
GSTM2	690.0	[590, 689, 598, 850, 690, 690, 889, 842, 530, 690]
MDH2	690.5	[708, 665, 673, 510, 799, 789, 776, 771, 491, 253]
FN1	692.0	[677, 639, 816, 637, 570, 601, 819, 834, 845, 707]
SUCLG1	692.5	[814, 343, 710, 666, 617, 808, 645, 762, 771, 675]
GSTM4	692.5	[709, 664, 640, 664, 857, 596, 761, 774, 676, 826]
MAPK7	695.0	[713, 687, 662, 705, 747, 687, 653, 703, 719, 645]
CSF3	695.0	[691, 632, 763, 734, 630, 712, 699, 705, 680, 554]
SDHB	696.0	[735, 926, 722, 384, 670, 317, 794, 276, 649, 735]
ELK3	698.0	[730, 679, 653, 778, 717, 519, 503, 831, 661, 733]
FGF4	698.0	[629, 625, 677, 742, 757, 620, 607, 729, 719, 742]
GPC3	698.5	[677, 739, 741, 653, 722, 538, 556, 778, 653, 720]
GAS6	699.0	[691, 814, 707, 669, 541, 449, 652, 850, 757, 745]
RARB	700.5	[806, 842, 700, 661, 709, 657, 840, 701, 651, 595]
IL13RA1	702.0	[788, 708, 696, 588, 619, 737, 602, 605, 817, 811]
DUSP3	705.0	[712, 677, 710, 710, 661, 710, 700, 723, 646, 696]
SELL	705.5	[720, 642, 645, 779, 645, 723, 699, 712, 678, 723]
DUSP7	706.5	[758, 703, 704, 733, 701, 746, 709, 679, 673, 710]
FGF9	707.0	[706, 743, 708, 730, 819, 657, 744, 686, 702, 703]
TXNRD1	710.5	[654, 709, 585, 681, 769, 721, 712, 654, 910, 786]
COL4A2	711.0	[687, 754, 696, 761, 664, 685, 718, 808, 760, 704]
RAB3A	712.0	[781, 770, 736, 676, 556, 885, 688, 883, 623, 683]
CCNB1	712.5	[682, 721, 727, 746, 773, 595, 705, 720, 700, 705]
FGF5	714.0	[713, 765, 555, 744, 552, 650, 728, 679, 715, 773]
FGF17	715.5	[567, 770, 699, 737, 776, 748, 694, 683, 652, 732]
PDPK1	716.5	[479, 715, 622, 718, 750, 932, 452, 956, 682, 917]
MGST2	717.5	[553, 781, 646, 825, 556, 591, 711, 724, 805, 746]
RBP1	718.0	[815, 648, 660, 697, 752, 729, 744, 514, 707, 782]
IL2RG	718.5	[653, 690, 752, 559, 713, 729, 685, 724, 766, 726]
CYP1B1	720.5	[699, 794, 668, 720, 718, 721, 759, 765, 712, 739]
JUND	722.0	[582, 478, 651, 798, 708, 738, 434, 736, 816, 761]
IL1A	723.5	[801, 797, 772, 669, 645, 712, 847, 669, 735, 690]
MCM6	723.5	[854, 750, 687, 572, 864, 697, 847, 692, 697, 823]
HTR3A	724.5	[698, 846, 791, 709, 732, 646, 699, 791, 717, 883]
FGF8	725.0	[748, 592, 820, 762, 650, 765, 634, 754, 702, 692]
IL12B	725.5	[654, 633, 751, 831, 597, 741, 624, 787, 838, 710]
CDKN2A	726.0	[764, 751, 722, 720, 719, 755, 730, 832, 651, 719]
IL12A	726.0	[814, 756, 739, 601, 929, 713, 805, 647, 542, 654]
HSF1	726.5	[852, 719, 473, 649, 651, 739, 669, 754, 734, 759]
RIPK1	727.0	[768, 671, 731, 655, 825, 659, 750, 723, 807, 628]
MEF2B	727.5	[643, 611, 625, 717, 614, 856, 774, 855, 818, 738]
COL4A1	728.0	[751, 750, 698, 658, 679, 744, 734, 696, 727, 729]
INSR	728.5	[760, 709, 556, 748, 669, 941, 615, 594, 781, 748]
JAK1	729.5	[756, 746, 771, 711, 729, 731, 697, 718, 730, 710]
MT1X	731.0	[696, 720, 751, 846, 795, 598, 795, 731, 633, 731]
CDKN2B	732.0	[870, 837, 827, 577, 663, 862, 750, 714, 674, 628]
MAPK14	732.5	[732, 701, 710, 687, 728, 777, 758, 733, 740, 783]
LHX2	733.0	[782, 821, 438, 732, 799, 734, 545, 661, 691, 899]
IDH3G	736.5	[750, 751, 733, 740, 636, 655, 794, 432, 668, 792]
EBI3	737.5	[878, 850, 695, 765, 579, 666, 656, 764, 711, 942]
MAPKAPK2	738.0	[740, 874, 720, 738, 692, 772, 738, 650, 746, 677]
KIR2DS2	739.5	[845, 902, 528, 834, 642, 604, 853, 692, 787, 578]
FGFR3	739.5	[771, 606, 718, 790, 736, 524, 743, 753, 565, 780]
BAG4	741.5	[970, 936, 600, 641, 806, 607, 821, 677, 846, 612]
PCNA	743.0	[913, 587, 582, 744, 837, 722, 821, 742, 672, 896]
MBD1	744.0	[755, 544, 638, 850, 500, 850, 840, 640, 733, 934]
FGF23	744.0	[706, 815, 768, 635, 700, 756, 749, 768, 739, 706]
RPA3	745.0	[754, 499, 298, 647, 787, 695, 959, 979, 919, 736]
MT1H	747.5	[765, 730, 836, 794, 676, 819, 766, 695, 680, 721]
NRP1	748.0	[775, 808, 721, 671, 672, 721, 662, 775, 830, 775]
RPA1	748.5	[710, 717, 780, 646, 969, 957, 611, 957, 877, 710]
IKBKB	749.0	[851, 715, 773, 813, 707, 768, 650, 730, 722, 791]
PPP2CA	749.5	[774, 767, 772, 745, 734, 731, 754, 792, 681, 672]
TYK2	749.5	[750, 833, 728, 626, 749, 809, 839, 689, 776, 548]
VIM	750.5	[747, 760, 727, 719, 804, 759, 678, 747, 754, 834]
CHRNA5	751.0	[786, 656, 954, 670, 853, 823, 639, 576, 716, 790]
TNFRSF1A	751.5	[722, 626, 749, 790, 668, 777, 754, 757, 801, 668]
DDC	752.5	[834, 766, 644, 832, 731, 736, 735, 807, 828, 739]
ATF2	753.5	[693, 662, 700, 806, 782, 765, 786, 659, 742, 778]
IKBKG	754.0	[780, 701, 725, 754, 684, 758, 773, 707, 754, 777]
LTA	755.5	[752, 762, 700, 759, 810, 706, 759, 798, 722, 721]
FXYD3	756.0	[700, 750, 791, 721, 720, 769, 880, 768, 762, 736]
POLD1	757.0	[569, 646, 779, 863, 751, 917, 863, 485, 763, 668]
SLC2A4	757.5	[780, 958, 744, 534, 852, 688, 819, 716, 624, 771]
ITGA4	758.0	[753, 757, 799, 759, 703, 657, 647, 778, 860, 836]
CHRND	760.0	[747, 685, 714, 805, 787, 760, 710, 862, 760, 807]
MCM2	761.5	[683, 771, 601, 796, 925, 860, 752, 688, 693, 860]
CYR61	761.5	[733, 889, 755, 830, 764, 759, 664, 764, 868, 643]
PIM1	763.0	[821, 860, 760, 798, 594, 707, 907, 729, 766, 702]
TRADD	763.5	[774, 668, 769, 819, 775, 673, 804, 690, 682, 758]
PPP2CB	763.5	[801, 806, 765, 762, 743, 784, 686, 757, 762, 766]
PPP2R5D	763.5	[757, 757, 684, 661, 789, 770, 770, 795, 817, 749]
HDC	765.5	[794, 769, 755, 702, 825, 794, 749, 734, 794, 762]
AHSG	766.0	[685, 883, 914, 677, 690, 838, 724, 930, 664, 808]
TYMS	767.5	[624, 863, 758, 777, 596, 753, 804, 758, 786, 928]
PPP2R1A	767.5	[779, 774, 749, 758, 774, 775, 761, 718, 755, 791]
FADD	769.5	[824, 875, 835, 766, 761, 764, 747, 773, 816, 697]
POLE	770.0	[737, 931, 709, 803, 704, 506, 728, 914, 965, 898]
HIF1A	774.5	[766, 839, 796, 816, 783, 739, 714, 648, 518, 839]
IDH3B	776.0	[776, 855, 699, 633, 927, 754, 725, 821, 776, 937]
SERPINF1	778.0	[793, 660, 900, 687, 880, 778, 805, 762, 778, 746]
IL4R	778.0	[768, 746, 671, 856, 869, 757, 788, 879, 804, 743]
ITGAL	779.0	[770, 824, 763, 868, 852, 729, 748, 788, 824, 731]
INS	780.0	[592, 616, 676, 825, 616, 797, 933, 892, 766, 794]
ITGB2	781.0	[700, 750, 724, 906, 848, 792, 770, 659, 794, 842]
PPP2R1B	784.5	[782, 682, 812, 759, 787, 793, 781, 812, 803, 668]
CCNC	785.0	[778, 786, 921, 818, 677, 909, 890, 740, 752, 784]
ACTA1	785.5	[736, 812, 800, 812, 728, 791, 712, 725, 780, 805]
RFC5	786.5	[788, 781, 563, 808, 682, 563, 906, 892, 785, 808]
RFC3	787.0	[753, 724, 737, 972, 739, 821, 956, 850, 562, 955]
CHUK	787.5	[781, 785, 790, 826, 795, 740, 794, 737, 781, 792]
BAK1	788.5	[824, 817, 825, 892, 694, 798, 779, 760, 694, 758]
MASP1	791.5	[832, 760, 888, 786, 865, 842, 645, 797, 714, 707]
POLE2	791.5	[785, 962, 798, 977, 926, 717, 743, 734, 962, 743]
MET	792.0	[704, 796, 808, 563, 715, 808, 854, 854, 788, 647]
GSTM5	792.0	[846, 774, 630, 876, 788, 796, 669, 668, 821, 911]
SFRP4	792.5	[883, 698, 844, 793, 792, 711, 717, 577, 835, 843]
MAPK11	794.5	[814, 744, 807, 785, 733, 772, 804, 808, 768, 810]
JAG2	794.5	[663, 852, 692, 692, 589, 810, 779, 901, 815, 873]
SELP	795.0	[834, 794, 821, 796, 816, 749, 780, 733, 787, 797]
RPA2	795.5	[805, 661, 786, 556, 834, 729, 932, 873, 758, 897]
STAT2	798.5	[819, 761, 838, 740, 946, 819, 605, 738, 778, 858]
IFNG	799.5	[735, 804, 774, 820, 821, 795, 770, 905, 820, 793]
CLCNKA	800.0	[779, 771, 702, 907, 651, 835, 855, 823, 805, 795]
SFRP5	801.0	[499, 664, 709, 866, 775, 827, 898, 923, 582, 911]
SERPINI2	801.0	[924, 816, 805, 719, 797, 694, 647, 943, 880, 756]
SDCBP	802.0	[632, 914, 822, 667, 782, 840, 723, 902, 671, 824]
BMP5	802.0	[606, 876, 831, 611, 890, 862, 831, 773, 666, 702]
CHRNA6	802.0	[835, 706, 715, 761, 943, 819, 971, 940, 785, 748]
FGFR4	802.5	[898, 800, 823, 805, 966, 698, 786, 775, 809, 712]
STAT4	802.5	[808, 807, 668, 798, 830, 774, 740, 807, 866, 798]
SLC12A2	802.5	[843, 724, 788, 709, 859, 817, 817, 707, 847, 660]
FEN1	803.0	[717, 927, 746, 781, 814, 863, 792, 956, 756, 829]
CTSE	804.0	[776, 821, 915, 804, 635, 891, 820, 804, 660, 798]
MFNG	805.5	[625, 680, 803, 836, 807, 773, 804, 814, 846, 919]
PECAM1	805.5	[852, 853, 769, 685, 834, 834, 821, 758, 790, 774]
TP73	809.0	[757, 747, 808, 815, 904, 614, 875, 777, 810, 837]
GABRG2	810.0	[838, 779, 799, 827, 843, 832, 809, 721, 809, 811]
GABRA6	810.0	[819, 811, 773, 746, 810, 830, 811, 778, 810, 810]
POLA2	810.5	[801, 892, 820, 758, 801, 823, 843, 861, 684, 585]
SLC26A3	811.5	[830, 881, 889, 766, 793, 724, 766, 830, 673, 837]
GLRB	812.5	[801, 811, 847, 814, 761, 836, 836, 831, 751, 802]
E2F2	814.5	[862, 890, 614, 706, 823, 675, 806, 856, 688, 933]
CLIC2	814.5	[798, 699, 831, 902, 798, 844, 883, 705, 888, 798]
ICAM1	815.0	[858, 839, 820, 810, 777, 864, 789, 848, 774, 789]
WT1	816.0	[647, 984, 670, 654, 788, 851, 866, 870, 767, 844]
IL7R	818.5	[804, 823, 800, 814, 795, 854, 835, 837, 813, 841]
PRB1	819.0	[816, 822, 881, 789, 813, 670, 779, 883, 871, 925]
RFC2	822.0	[714, 812, 734, 942, 830, 830, 992, 902, 532, 814]
RPS6KA2	824.5	[814, 783, 827, 802, 881, 880, 865, 822, 867, 784]
RFC4	825.0	[863, 761, 860, 745, 794, 796, 956, 917, 854, 789]
GABRA2	826.0	[849, 805, 791, 803, 847, 847, 800, 837, 832, 820]
CTLA4	826.5	[887, 819, 990, 755, 290, 969, 815, 834, 815, 856]
CD47	826.5	[866, 838, 903, 781, 815, 694, 849, 892, 687, 797]
TANK	827.0	[822, 786, 850, 869, 822, 822, 841, 814, 855, 832]
NFKBIA	828.5	[843, 813, 763, 831, 840, 896, 792, 876, 787, 826]
BLVRA	831.0	[740, 821, 930, 766, 948, 857, 909, 801, 821, 841]
IL13	833.0	[870, 704, 876, 860, 651, 825, 739, 841, 846, 731]
MAP3K14	833.0	[890, 870, 832, 838, 834, 838, 823, 806, 813, 780]
RPS6KA5	835.0	[866, 835, 804, 827, 827, 863, 856, 881, 835, 811]
CHRNA1	835.0	[873, 713, 750, 855, 833, 861, 919, 837, 713, 786]
TFRC	835.5	[807, 841, 836, 753, 901, 817, 814, 871, 858, 835]
CASP2	836.5	[825, 775, 917, 838, 902, 872, 841, 768, 835, 814]
TUFT1	839.0	[623, 841, 867, 673, 857, 841, 837, 881, 696, 833]
AKT2	839.5	[388, 857, 515, 844, 857, 596, 918, 563, 835, 933]
COL2A1	842.0	[862, 622, 867, 830, 826, 772, 550, 914, 854, 873]
DDIT3	842.5	[816, 833, 866, 852, 811, 820, 912, 798, 950, 865]
RPS6KA3	843.0	[884, 836, 822, 869, 828, 862, 847, 828, 839, 864]
POLD4	843.5	[611, 932, 905, 688, 620, 637, 853, 910, 968, 834]
MAP3K5	845.0	[774, 873, 856, 953, 786, 730, 920, 862, 834, 827]
GLG1	845.5	[843, 649, 899, 917, 658, 830, 646, 848, 882, 964]
CTSB	846.0	[945, 706, 937, 802, 722, 892, 923, 741, 890, 738]
IL10	846.0	[841, 811, 754, 933, 802, 851, 907, 659, 862, 874]
ITGAM	848.0	[947, 813, 845, 907, 799, 851, 859, 845, 954, 830]
COL5A1	848.0	[914, 868, 720, 814, 828, 624, 934, 882, 896, 702]
C8A	849.5	[737, 825, 913, 802, 874, 913, 915, 789, 816, 926]
CCNA1	851.5	[805, 857, 861, 864, 757, 932, 849, 748, 808, 854]
CHRNG	852.5	[957, 831, 935, 804, 845, 735, 906, 929, 819, 860]
HTR2A	854.0	[858, 866, 968, 960, 850, 743, 829, 896, 797, 850]
FGF19	855.0	[872, 838, 617, 876, 966, 769, 938, 765, 835, 910]
BLVRB	855.5	[839, 909, 788, 798, 872, 906, 780, 964, 772, 908]
E2F1	856.0	[875, 761, 751, 851, 879, 890, 820, 832, 861, 897]
PPP2R5E	857.5	[854, 894, 646, 965, 861, 651, 613, 989, 948, 836]
CISH	858.0	[854, 743, 919, 853, 840, 950, 797, 905, 894, 862]
WASL	859.0	[843, 963, 969, 875, 881, 821, 782, 890, 803, 827]
PPP2R5B	860.5	[880, 647, 841, 919, 914, 919, 621, 869, 816, 852]
PHEX	862.0	[818, 736, 870, 944, 870, 684, 936, 757, 854, 927]
GABRB2	862.5	[873, 857, 922, 839, 811, 868, 894, 663, 921, 779]
TRAF6	864.0	[789, 813, 906, 849, 947, 802, 861, 927, 887, 867]
CASP3	864.0	[800, 903, 902, 867, 903, 700, 834, 861, 841, 931]
SELE	864.5	[932, 799, 790, 719, 946, 920, 839, 890, 891, 839]
GABRB1	865.0	[948, 871, 860, 852, 735, 792, 825, 871, 931, 870]
ATF1	868.0	[871, 846, 743, 807, 847, 950, 865, 936, 916, 892]
PTPRU	868.5	[854, 870, 845, 962, 984, 915, 791, 867, 852, 915]
TGFB3	868.5	[859, 886, 872, 900, 924, 886, 865, 844, 819, 857]
GABRB3	870.0	[935, 843, 765, 895, 882, 930, 920, 749, 858, 841]
AKT3	870.0	[918, 890, 952, 984, 890, 556, 741, 850, 750, 713]
XRCC5	870.0	[784, 807, 653, 924, 847, 893, 826, 924, 901, 903]
MASP2	870.5	[922, 811, 876, 850, 975, 975, 923, 865, 811, 720]
ZYX	871.0	[830, 849, 781, 967, 774, 948, 980, 893, 721, 920]
MAPK9	872.0	[870, 819, 874, 836, 885, 903, 765, 874, 884, 857]
GABRD	872.0	[823, 941, 872, 830, 882, 801, 600, 961, 881, 872]
USP8	872.5	[795, 838, 953, 759, 632, 976, 806, 951, 907, 979]
POLD2	873.0	[810, 950, 987, 900, 880, 511, 744, 885, 866, 810]
CTSH	875.0	[739, 833, 988, 954, 633, 921, 687, 914, 887, 863]
CHRNB4	877.0	[917, 884, 870, 978, 787, 937, 702, 884, 458, 822]
C4B	877.5	[958, 844, 898, 867, 878, 880, 797, 784, 882, 877]
MAPK10	878.0	[883, 906, 834, 873, 897, 896, 873, 821, 829, 883]
GABRA5	878.5	[894, 870, 891, 876, 872, 858, 872, 881, 881, 903]
KRT4	879.5	[976, 839, 695, 773, 911, 969, 848, 930, 828, 952]
COL6A1	880.0	[843, 877, 629, 883, 947, 859, 935, 968, 688, 883]
PSEN2	880.0	[990, 842, 580, 955, 668, 912, 991, 990, 848, 771]
ARPC1A	882.0	[891, 781, 901, 889, 800, 913, 875, 895, 823, 632]
PPP2R5C	882.5	[945, 893, 928, 625, 856, 872, 924, 941, 690, 754]
PSEN1	883.0	[862, 837, 967, 968, 835, 904, 773, 967, 972, 828]
C7	885.0	[869, 837, 901, 915, 723, 958, 834, 835, 904, 969]
CDC37	885.0	[986, 947, 864, 915, 837, 780, 906, 941, 847, 864]
TAB1	885.5	[917, 852, 953, 829, 866, 914, 903, 928, 866, 868]
NR2F1	888.0	[714, 979, 903, 916, 949, 953, 853, 865, 830, 873]
FGFR1	888.5	[932, 849, 902, 745, 907, 912, 727, 848, 906, 875]
HDAC3	888.5	[974, 865, 912, 920, 666, 940, 787, 991, 598, 552]
PAWR	890.0	[839, 862, 872, 929, 850, 973, 970, 908, 928, 760]
ADAMTS7	890.0	[808, 947, 834, 954, 709, 891, 889, 961, 748, 918]
PIAS3	890.5	[872, 886, 978, 944, 788, 807, 895, 950, 822, 952]
CRADD	890.5	[879, 633, 902, 869, 875, 927, 920, 982, 980, 842]
COL16A1	891.5	[971, 869, 873, 910, 936, 963, 835, 838, 866, 919]
ACTR3	892.0	[893, 984, 892, 901, 892, 872, 824, 816, 957, 851]
PLA2G4A	893.5	[952, 967, 910, 877, 717, 816, 867, 975, 709, 987]
ARPC4	893.5	[910, 895, 895, 781, 782, 875, 885, 978, 939, 892]
WASF1	893.5	[880, 880, 956, 888, 927, 894, 883, 893, 894, 909]
TNFRSF9	893.5	[842, 857, 717, 944, 828, 930, 971, 945, 842, 976]
IL10RB	894.0	[895, 757, 893, 587, 910, 820, 898, 908, 931, 888]
PPP2R5A	894.0	[859, 882, 675, 720, 915, 887, 929, 947, 901, 905]
ARPC2	896.0	[949, 902, 871, 908, 947, 890, 951, 880, 880, 883]
ARPC1B	896.0	[896, 969, 896, 891, 988, 871, 934, 933, 844, 786]
E2F4	896.0	[620, 820, 898, 899, 810, 894, 905, 910, 910, 820]
MBL2	898.0	[836, 756, 815, 934, 934, 893, 934, 903, 966, 859]
SEMA3B	898.5	[716, 899, 898, 735, 922, 970, 966, 854, 853, 928]
XRCC4	899.0	[949, 935, 908, 866, 925, 782, 989, 890, 840, 840]
ACTR2	900.0	[961, 890, 936, 694, 801, 982, 937, 888, 901, 899]
IL13RA2	901.0	[796, 986, 977, 982, 992, 795, 868, 792, 869, 933]
VDAC1	901.5	[942, 962, 982, 992, 898, 850, 905, 857, 879, 856]
CDK9	902.0	[902, 902, 902, 860, 721, 902, 949, 883, 964, 854]
GABRA1	902.0	[888, 896, 947, 841, 910, 908, 849, 856, 931, 984]
FRZB	902.0	[862, 991, 884, 891, 913, 968, 781, 875, 964, 991]
C6	903.0	[941, 904, 956, 902, 772, 787, 722, 917, 773, 987]
C5	903.5	[897, 904, 843, 935, 850, 908, 903, 835, 914, 931]
MAP4K2	903.5	[921, 915, 881, 906, 921, 855, 870, 901, 936, 876]
SELPLG	904.0	[840, 967, 903, 924, 885, 887, 905, 935, 791, 940]
PPP1CB	906.0	[956, 824, 936, 767, 915, 970, 897, 816, 923, 842]
C9	907.5	[983, 908, 907, 958, 948, 679, 878, 858, 928, 874]
REG1A	908.0	[832, 937, 568, 828, 799, 915, 966, 943, 901, 971]
NR3C1	908.5	[888, 927, 668, 715, 948, 911, 906, 935, 967, 647]
ARPC5	908.5	[898, 957, 962, 897, 717, 896, 936, 985, 901, 916]
HMGCS1	908.5	[697, 912, 968, 905, 992, 989, 981, 884, 806, 869]
NEO1	909.0	[906, 912, 868, 981, 594, 895, 992, 973, 885, 928]
COL8A1	910.0	[889, 916, 885, 905, 926, 915, 924, 939, 900, 896]
C3	910.5	[916, 916, 778, 902, 935, 905, 945, 918, 818, 905]
TLR4	911.5	[928, 958, 882, 633, 907, 865, 916, 961, 894, 967]
MAP4K5	911.5	[850, 853, 775, 982, 941, 940, 865, 902, 933, 921]
C2	912.5	[942, 925, 900, 896, 963, 950, 872, 697, 851, 978]
RAB5A	913.0	[917, 909, 808, 930, 752, 930, 952, 941, 855, 756]
NR4A1	913.5	[852, 954, 915, 826, 912, 928, 840, 928, 945, 861]
CDK5	913.5	[932, 986, 844, 927, 877, 837, 985, 922, 905, 764]
RXRB	914.0	[964, 892, 965, 946, 896, 932, 829, 960, 853, 847]
CD59	914.0	[980, 935, 902, 900, 887, 907, 747, 953, 922, 921]
PAH	914.5	[977, 855, 899, 930, 849, 951, 802, 986, 944, 886]
ARPC3	915.0	[983, 889, 936, 972, 849, 929, 881, 806, 963, 901]
POLD3	915.5	[961, 954, 925, 948, 722, 733, 535, 985, 675, 906]
WNT2	916.5	[945, 897, 909, 891, 957, 789, 957, 980, 915, 918]
ACTB	917.0	[865, 906, 985, 943, 860, 938, 938, 853, 928, 805]
C4A	917.0	[976, 923, 951, 911, 795, 858, 707, 976, 935, 819]
SLC23A2	918.0	[913, 945, 959, 973, 899, 913, 794, 923, 867, 948]
HFE	919.0	[929, 891, 975, 897, 955, 941, 903, 964, 892, 909]
LRP8	920.0	[982, 844, 962, 926, 914, 910, 976, 788, 955, 877]
LTF	920.5	[894, 921, 920, 918, 925, 968, 978, 930, 899, 821]
UCHL1	923.5	[840, 988, 988, 980, 923, 962, 907, 924, 922, 865]
CP	923.5	[926, 984, 976, 926, 901, 902, 980, 901, 888, 921]
EDN2	926.0	[926, 967, 926, 900, 840, 818, 877, 934, 946, 981]
TF	926.5	[964, 942, 923, 929, 967, 924, 978, 904, 904, 906]
CD9	927.0	[894, 920, 738, 950, 870, 986, 934, 982, 967, 886]
CYP26A1	929.0	[984, 919, 968, 939, 987, 901, 895, 887, 956, 905]
TXN	929.5	[901, 957, 923, 936, 981, 901, 936, 839, 963, 809]
CDH10	932.5	[955, 918, 947, 912, 973, 912, 893, 983, 973, 899]
PGF	932.5	[939, 731, 793, 986, 899, 926, 986, 935, 932, 933]
LTB	933.5	[982, 926, 968, 941, 954, 981, 842, 901, 907, 690]
PCDH9	935.0	[837, 989, 937, 956, 952, 860, 863, 971, 933, 910]
SLC2A3	936.0	[988, 879, 988, 918, 890, 933, 898, 939, 988, 979]
BRD2	939.0	[898, 962, 932, 986, 896, 986, 974, 945, 933, 773]
HTR7	940.0	[952, 825, 959, 766, 887, 721, 958, 968, 929, 951]
SRI	941.5	[898, 957, 979, 910, 969, 926, 986, 885, 962, 917]
DSP	943.0	[945, 988, 971, 945, 938, 930, 893, 955, 941, 900]
HPX	943.0	[907, 947, 992, 850, 982, 941, 945, 906, 932, 963]
P4HB	945.0	[945, 945, 877, 974, 981, 899, 984, 899, 976, 897]
MCL1	946.0	[871, 918, 967, 974, 952, 965, 940, 892, 959, 929]
ABL1	946.5	[969, 938, 916, 813, 961, 842, 938, 955, 963, 983]
MYD88	946.5	[956, 978, 991, 932, 937, 861, 860, 991, 991, 847]
FTH1	947.0	[922, 954, 950, 767, 922, 900, 967, 944, 954, 963]
PAPPA	948.0	[931, 940, 963, 914, 914, 918, 957, 977, 956, 968]
PIN1	948.0	[940, 856, 942, 974, 992, 974, 954, 969, 940, 895]
IGFBP4	949.0	[904, 971, 970, 920, 888, 941, 954, 967, 944, 965]
KRT6A	949.0	[769, 974, 949, 955, 760, 843, 960, 949, 904, 955]
HESX1	949.5	[976, 975, 819, 926, 985, 879, 872, 977, 906, 973]
HBB	950.0	[818, 931, 983, 981, 910, 983, 972, 912, 969, 906]
CAST	951.0	[955, 991, 959, 967, 898, 958, 947, 910, 932, 936]
GADD45A	951.5	[959, 961, 961, 981, 944, 774, 805, 961, 740, 909]
PPP1CA	951.5	[984, 894, 954, 949, 854, 977, 957, 979, 691, 933]
GMFB	954.0	[954, 985, 861, 968, 964, 907, 946, 988, 954, 891]
TCF12	955.0	[962, 703, 798, 930, 986, 964, 794, 966, 972, 948]
S100B	956.0	[963, 973, 895, 964, 979, 891, 815, 930, 949, 980]
NIT1	956.0	[989, 952, 930, 982, 822, 960, 967, 927, 969, 922]
CLC	957.0	[926, 985, 966, 969, 992, 977, 945, 908, 860, 948]
APOB	957.5	[961, 954, 964, 952, 929, 929, 974, 970, 980, 954]
LPIN1	960.0	[811, 750, 929, 972, 977, 790, 989, 953, 967, 978]
RGS2	961.5	[990, 953, 927, 987, 961, 983, 953, 962, 967, 811]
SP3	962.5	[951, 981, 984, 983, 885, 934, 811, 988, 974, 765]
IRAK1	962.5	[895, 965, 955, 964, 961, 936, 918, 964, 990, 990]
IL1R1	963.0	[962, 975, 946, 958, 848, 992, 950, 972, 988, 964]
SLC23A1	970.0	[991, 977, 976, 964, 968, 986, 972, 940, 884, 841]
PURA	971.0	[817, 973, 922, 963, 985, 976, 985, 969, 991, 930]
PLXNC1	972.0	[888, 975, 912, 984, 972, 978, 890, 972, 983, 888]
SLC2A1	975.5	[977, 984, 883, 971, 985, 977, 974, 990, 884, 971]
