Gene	Median Rank	Full Ranks
OPN1SW	6.5	[7, 40, 4, 15, 16, 8, 3, 2, 2, 2, 19, 3, 2, 14, 2, 7, 28, 39, 13, 2, 14, 18, 6, 5, 7, 23, 9, 2, 2, 69, 5, 18, 29, 18, 28, 2, 32, 16, 16, 9, 8, 8, 16, 12, 15, 25, 6, 2, 2, 2, 2, 26, 2, 5, 8, 15, 2, 3, 28, 4, 21, 7, 11, 8, 8, 3, 9, 40, 2, 8, 3, 3, 3, 4, 5, 6, 14, 2, 5, 2, 9, 39, 8, 2, 7, 3, 35, 5, 2, 2, 4, 12, 5, 2, 4, 2, 4, 2, 3, 2]
OR10H1	19.0	[15, 15, 36, 43, 17, 6, 50, 22, 24, 25, 2, 22, 12, 18, 12, 51, 11, 12, 8, 32, 15, 28, 18, 18, 13, 35, 19, 35, 26, 19, 14, 16, 31, 23, 18, 16, 7, 17, 25, 25, 19, 22, 12, 18, 16, 5, 13, 55, 12, 20, 23, 11, 20, 24, 13, 16, 27, 13, 27, 2, 14, 30, 19, 15, 5, 12, 16, 28, 24, 19, 26, 118, 23, 17, 35, 22, 33, 32, 17, 74, 19, 28, 19, 34, 14, 14, 50, 36, 5, 25, 35, 19, 11, 17, 23, 11, 11, 14, 13, 21]
OR52A1	24.0	[18, 48, 28, 42, 39, 16, 72, 7, 36, 22, 14, 9, 12, 18, 18, 4, 31, 135, 19, 5, 19, 42, 12, 72, 51, 20, 4, 15, 21, 12, 4, 12, 7, 50, 20, 12, 85, 25, 27, 15, 68, 24, 66, 145, 20, 20, 26, 43, 7, 52, 6, 88, 43, 11, 29, 46, 32, 16, 8, 20, 24, 24, 26, 60, 42, 6, 55, 9, 29, 5, 16, 50, 1, 209, 63, 9, 26, 35, 36, 27, 18, 58, 12, 61, 57, 96, 22, 54, 37, 28, 14, 5, 26, 60, 10, 9, 25, 10, 22, 52]
MAS1	70.5	[380, 11, 1748, 13, 31, 40, 19, 82, 25, 6, 105, 2, 37, 3, 232, 66, 59, 1349, 3, 48, 1287, 1, 17, 11, 27, 34, 418, 69, 82, 2, 22, 10, 5, 1529, 8, 1201, 63, 2, 129, 105, 6459, 52, 184, 908, 81, 2, 2810, 68, 14, 436, 51, 1, 41, 62, 151, 484, 189, 48, 84, 3, 72, 144, 152, 95, 88, 11, 124, 285, 143, 135, 527, 11, 2629, 3, 201, 134, 1003, 113, 37, 23, 63, 693, 7, 307, 79, 73, 13, 464, 44, 2, 9, 251, 416, 538, 72, 552, 4, 7, 2246, 101]
PSG6	72.5	[46, 44, 77, 236, 62, 94, 133, 33, 80, 135, 77, 216, 87, 137, 128, 91, 14, 65, 62, 44, 104, 117, 42, 140, 306, 69, 158, 46, 32, 60, 71, 32, 203, 114, 38, 85, 15, 137, 28, 147, 125, 218, 36, 316, 48, 63, 151, 68, 24, 40, 120, 21, 25, 10, 182, 167, 89, 138, 46, 15, 34, 43, 14, 17, 40, 39, 90, 49, 42, 14, 47, 123, 76, 52, 92, 94, 73, 168, 23, 31, 83, 122, 106, 109, 66, 107, 11, 72, 40, 135, 51, 72, 142, 124, 41, 91, 26, 203, 90, 170]
UGT2B11	92.5	[39, 298, 476, 5, 647, 593, 1134, 21, 549, 646, 239, 59, 120, 166, 7001, 6912, 12, 79, 21, 139, 208, 223, 6350, 156, 29, 50, 468, 28, 4, 39, 89, 818, 56, 82, 35, 23, 92, 9, 7, 29, 128, 121, 28, 20, 7, 105, 186, 128, 112, 6, 22, 106, 520, 9170, 145, 134, 40, 13, 181, 9, 75, 93, 2777, 86, 77, 1487, 148, 89, 132, 7, 180, 144, 84, 77, 19, 341, 43, 27, 84, 1056, 20, 8885, 82, 380, 234, 8, 143, 57, 118, 17, 27, 31, 161, 345, 68, 148, 46, 3737, 839, 3]
OR2S2	119.0	[127, 563, 119, 340, 218, 144, 98, 133, 727, 85, 42, 38, 43, 223, 117, 171, 36, 42, 41, 104, 201, 494, 142, 274, 82, 101, 214, 266, 199, 71, 40, 25, 119, 154, 161, 141, 112, 93, 59, 118, 152, 45, 369, 61, 43, 82, 323, 149, 1721, 199, 145, 310, 118, 344, 313, 1261, 340, 99, 93, 39, 208, 72, 97, 95, 158, 235, 169, 23, 112, 143, 560, 159, 93, 174, 57, 106, 198, 143, 60, 111, 75, 326, 74, 160, 212, 15, 66, 113, 57, 106, 79, 356, 57, 44, 65, 79, 119, 268, 147, 136]
S100A9	137.0	[184, 141, 86, 238, 117, 88, 166, 153, 40, 36, 179, 232, 149, 417, 43, 74, 131, 136, 47, 87, 421, 104, 57, 490, 72, 64, 160, 81, 138, 48, 326, 78, 106, 215, 147, 136, 501, 54, 384, 40, 212, 382, 88, 384, 253, 195, 79, 158, 144, 58, 432, 137, 174, 65, 212, 89, 137, 117, 97, 1735, 167, 226, 124, 81, 81, 367, 69, 155, 123, 585, 72, 1476, 57, 93, 1242, 93, 173, 207, 167, 91, 76, 92, 118, 268, 274, 64, 145, 84, 324, 192, 36, 107, 115, 201, 148, 382, 216, 164, 100, 54]
DAZ4	152.5	[374, 6023, 19, 31, 123, 164, 3, 43, 32, 147, 1280, 49, 28, 1606, 283, 8778, 65, 138, 58, 79, 860, 8999, 169, 3761, 112, 2899, 1, 489, 104, 221, 39, 144, 6702, 24, 42, 96, 12, 118, 289, 3995, 5823, 124, 5159, 965, 71, 290, 9758, 9683, 9483, 4497, 41, 6, 181, 38, 276, 775, 57, 216, 384, 344, 681, 212, 97, 25, 124, 1678, 85, 140, 168, 61, 9774, 2277, 24, 152, 204, 127, 367, 770, 40, 1, 57, 625, 197, 379, 181, 677, 575, 21, 1055, 21, 153, 47, 93, 26, 116, 7, 130, 156, 259, 80]
PIP	153.5	[599, 156, 644, 60, 112, 99, 214, 532, 1064, 227, 49, 359, 355, 191, 442, 713, 336, 96, 145, 86, 56, 317, 112, 710, 1813, 55, 360, 407, 60, 61, 57, 127, 319, 277, 111, 167, 517, 429, 364, 156, 85, 291, 106, 545, 66, 126, 44, 1365, 76, 78, 360, 75, 128, 2922, 33, 26, 642, 151, 277, 230, 92, 66, 44, 684, 99, 675, 257, 1093, 497, 97, 102, 96, 3663, 1780, 123, 87, 142, 241, 64, 775, 85, 721, 188, 419, 71, 337, 431, 109, 107, 57, 56, 21, 116, 49, 73, 85, 366, 81, 235, 292]
HLA-G	169.0	[164, 439, 254, 86, 253, 140, 243, 185, 686, 176, 932, 534, 106, 101, 178, 80, 102, 90, 165, 335, 394, 159, 236, 155, 232, 2001, 1096, 174, 1481, 46, 519, 740, 126, 69, 116, 812, 170, 57, 49, 572, 373, 142, 98, 159, 315, 56, 40, 106, 529, 70, 5638, 2120, 74, 134, 168, 115, 347, 3026, 115, 391, 137, 261, 121, 889, 266, 303, 238, 115, 336, 440, 138, 217, 227, 560, 116, 68, 862, 126, 87, 119, 157, 71, 785, 141, 165, 560, 160, 5444, 579, 113, 141, 154, 776, 502, 47, 226, 91, 126, 308, 64]
MX1	202.0	[307, 96, 259, 480, 98, 360, 231, 119, 325, 492, 228, 264, 282, 374, 134, 205, 170, 53, 75, 114, 58, 206, 921, 154, 69, 344, 192, 663, 128, 262, 298, 353, 231, 207, 221, 193, 159, 92, 117, 312, 63, 415, 436, 218, 90, 219, 376, 81, 408, 96, 223, 197, 89, 144, 107, 211, 116, 86, 160, 405, 260, 194, 137, 259, 47, 138, 153, 207, 210, 146, 583, 176, 199, 102, 139, 101, 96, 325, 322, 259, 103, 82, 126, 603, 349, 125, 274, 580, 273, 184, 266, 148, 631, 43, 323, 77, 357, 125, 170, 613]
KCNJ1	242.0	[1854, 453, 208, 614, 59, 205, 193, 187, 306, 184, 971, 173, 612, 151, 635, 167, 480, 167, 66, 121, 119, 602, 94, 183, 412, 2921, 107, 1185, 457, 636, 387, 123, 178, 183, 1742, 147, 142, 107, 138, 2638, 199, 88, 448, 800, 3011, 159, 257, 117, 265, 207, 233, 216, 597, 533, 466, 377, 251, 90, 146, 324, 589, 404, 632, 185, 180, 829, 276, 742, 171, 374, 187, 159, 1984, 319, 95, 302, 6424, 330, 158, 399, 313, 114, 213, 1148, 267, 271, 180, 687, 131, 213, 183, 154, 395, 174, 83, 430, 119, 147, 480, 275]
TFF1	247.0	[319, 485, 249, 310, 189, 378, 508, 320, 217, 204, 206, 263, 204, 190, 284, 201, 225, 311, 175, 230, 158, 215, 275, 302, 570, 277, 473, 187, 176, 164, 104, 145, 170, 114, 103, 138, 98, 229, 141, 347, 522, 330, 232, 74, 297, 573, 168, 414, 162, 344, 237, 286, 233, 287, 194, 511, 365, 168, 128, 188, 255, 332, 419, 256, 162, 221, 277, 281, 497, 268, 171, 218, 386, 200, 235, 181, 324, 295, 277, 104, 353, 104, 374, 297, 120, 145, 366, 246, 283, 242, 350, 435, 248, 341, 169, 253, 373, 144, 230, 305]
PDZK1	259.5	[916, 293, 282, 227, 95, 140, 1173, 191, 198, 345, 148, 152, 533, 1050, 253, 268, 138, 430, 263, 643, 85, 150, 1056, 327, 278, 195, 144, 207, 811, 127, 109, 151, 458, 115, 987, 185, 107, 885, 147, 327, 236, 91, 237, 133, 134, 288, 4144, 394, 137, 122, 432, 564, 532, 336, 586, 470, 132, 488, 394, 136, 115, 175, 361, 143, 256, 328, 575, 503, 85, 407, 703, 127, 169, 380, 419, 101, 129, 461, 152, 137, 388, 278, 101, 265, 94, 944, 643, 492, 135, 249, 232, 327, 282, 430, 346, 169, 128, 968, 131, 201]
COL11A1	260.5	[167, 443, 265, 85, 174, 59, 125, 570, 154, 371, 1109, 3929, 206, 271, 119, 114, 67, 279, 147, 598, 285, 267, 267, 119, 137, 153, 201, 574, 142, 329, 184, 154, 242, 176, 409, 160, 243, 114, 333, 356, 880, 380, 665, 215, 370, 131, 66, 170, 147, 68, 394, 176, 543, 77, 439, 426, 405, 545, 325, 155, 400, 395, 424, 77, 112, 548, 150, 39, 217, 167, 256, 151, 185, 97, 315, 142, 475, 47, 97, 291, 1419, 224, 183, 1091, 469, 285, 327, 385, 839, 60, 423, 307, 488, 913, 964, 496, 705, 247, 90, 379]
GSTT1	317.5	[878, 61, 76, 81, 298, 856, 272, 670, 55, 267, 130, 257, 364, 278, 96, 103, 699, 1651, 153, 46, 1120, 634, 581, 366, 2833, 1771, 153, 1946, 84, 3641, 404, 1367, 114, 221, 1060, 699, 473, 711, 391, 239, 134, 1257, 60, 78, 44, 354, 694, 36, 210, 102, 968, 469, 1157, 2151, 464, 398, 349, 2906, 566, 250, 583, 1064, 206, 1405, 301, 263, 67, 135, 492, 86, 210, 66, 215, 247, 442, 204, 365, 333, 2219, 1621, 212, 33, 254, 98, 957, 153, 407, 188, 167, 941, 500, 148, 302, 171, 180, 2972, 240, 5381, 523, 436]
KCNMB3	372.0	[135, 253, 800, 334, 1284, 837, 357, 399, 219, 730, 159, 95, 179, 428, 561, 345, 83, 1323, 244, 184, 432, 186, 399, 1484, 194, 1705, 222, 474, 524, 1986, 205, 74, 1201, 74, 252, 378, 1112, 188, 706, 279, 587, 677, 283, 394, 304, 116, 344, 836, 659, 290, 336, 1051, 415, 52, 654, 482, 343, 339, 103, 176, 152, 464, 158, 250, 599, 863, 81, 388, 1097, 166, 194, 678, 201, 777, 259, 869, 500, 542, 212, 776, 276, 350, 206, 151, 2089, 366, 3271, 430, 1208, 125, 451, 1287, 163, 1995, 409, 162, 408, 605, 643, 207]
CALM2	397.0	[1601, 650, 149, 400, 697, 128, 473, 326, 136, 347, 137, 748, 152, 510, 451, 266, 509, 296, 394, 226, 1724, 1916, 229, 440, 763, 599, 688, 926, 517, 410, 389, 227, 472, 202, 140, 474, 760, 191, 147, 1938, 266, 172, 127, 248, 422, 615, 167, 281, 1121, 221, 119, 239, 693, 519, 199, 748, 386, 500, 834, 345, 522, 489, 328, 1569, 1283, 120, 469, 186, 2897, 574, 413, 366, 482, 577, 628, 248, 472, 425, 327, 873, 209, 139, 198, 211, 406, 192, 929, 349, 245, 183, 3766, 724, 371, 246, 153, 704, 139, 481, 246, 357]
SFRP4	400.5	[2103, 373, 180, 210, 201, 1556, 2697, 340, 463, 390, 349, 3387, 511, 92, 132, 213, 267, 1454, 438, 1782, 3283, 221, 351, 177, 175, 706, 536, 747, 71, 197, 2784, 2235, 209, 3037, 192, 1647, 343, 207, 417, 671, 325, 1203, 991, 1534, 1681, 3060, 223, 1682, 848, 117, 130, 243, 2952, 143, 87, 596, 697, 877, 337, 407, 508, 795, 97, 537, 1395, 311, 205, 161, 127, 734, 414, 1446, 535, 134, 543, 228, 215, 154, 383, 598, 394, 417, 177, 142, 2695, 1396, 170, 6060, 3552, 1961, 322, 246, 975, 298, 1435, 149, 1026, 242, 85, 347]
ISG15	413.0	[452, 553, 336, 634, 328, 212, 378, 608, 381, 488, 470, 981, 311, 471, 312, 707, 497, 617, 350, 472, 193, 452, 1249, 281, 184, 613, 438, 284, 357, 739, 406, 387, 452, 152, 662, 441, 390, 502, 287, 430, 246, 332, 404, 203, 282, 453, 226, 351, 324, 275, 314, 336, 495, 216, 577, 182, 261, 406, 423, 622, 313, 342, 1328, 782, 440, 347, 294, 266, 451, 522, 385, 431, 741, 964, 800, 570, 698, 621, 287, 625, 218, 699, 295, 355, 199, 265, 454, 181, 290, 466, 619, 435, 438, 700, 420, 170, 395, 373, 1060, 933]
MAFG	423.5	[313, 2434, 338, 184, 1075, 910, 251, 552, 211, 550, 657, 151, 313, 571, 376, 207, 1186, 76, 763, 286, 471, 519, 432, 549, 4102, 460, 224, 223, 833, 417, 215, 341, 319, 686, 870, 626, 172, 450, 1062, 245, 430, 172, 196, 800, 341, 1003, 262, 200, 141, 1746, 121, 485, 705, 1214, 215, 433, 1268, 92, 860, 188, 153, 347, 269, 707, 1056, 726, 140, 1493, 161, 1076, 568, 522, 242, 321, 673, 1922, 1034, 237, 480, 1026, 656, 128, 1262, 278, 288, 269, 190, 567, 266, 241, 201, 78, 161, 747, 231, 889, 1396, 4927, 228, 84]
IFNA14	428.5	[1359, 484, 432, 806, 725, 976, 1892, 1944, 403, 319, 188, 128, 538, 105, 3031, 1685, 171, 1028, 1608, 412, 646, 221, 207, 409, 1870, 425, 632, 184, 1121, 489, 196, 335, 181, 280, 300, 323, 3208, 1159, 205, 260, 283, 454, 1317, 410, 370, 345, 643, 1044, 1128, 147, 122, 129, 485, 562, 632, 256, 277, 405, 990, 1524, 246, 1945, 437, 933, 388, 1283, 879, 1033, 391, 583, 256, 3086, 867, 546, 139, 178, 1826, 999, 358, 320, 314, 3116, 3099, 1112, 382, 259, 390, 299, 106, 379, 363, 469, 200, 2303, 1566, 154, 509, 796, 84, 117]
S100A8	476.0	[103, 504, 915, 917, 493, 299, 626, 546, 185, 1958, 379, 296, 297, 2701, 269, 123, 475, 763, 1323, 592, 289, 455, 387, 396, 518, 165, 237, 533, 440, 975, 384, 1072, 619, 645, 266, 258, 140, 2327, 664, 877, 1560, 466, 824, 357, 792, 778, 266, 474, 156, 494, 321, 269, 4677, 235, 187, 218, 2962, 893, 743, 745, 216, 477, 764, 348, 1205, 2343, 468, 370, 379, 422, 378, 2686, 260, 246, 1504, 1759, 1623, 632, 744, 580, 508, 1362, 301, 246, 229, 341, 358, 222, 383, 808, 1904, 173, 899, 353, 481, 881, 301, 264, 1391, 664]
NAT1	476.5	[520, 465, 476, 984, 570, 540, 1045, 496, 618, 855, 727, 437, 303, 562, 755, 539, 694, 477, 541, 458, 695, 524, 411, 418, 307, 564, 1043, 265, 1237, 414, 853, 580, 316, 394, 388, 373, 303, 268, 597, 325, 238, 454, 218, 433, 277, 697, 404, 307, 254, 781, 269, 192, 551, 524, 310, 380, 341, 658, 1235, 770, 567, 322, 360, 230, 485, 194, 238, 458, 257, 468, 333, 831, 695, 801, 388, 713, 697, 324, 346, 200, 222, 808, 186, 626, 719, 344, 638, 532, 221, 771, 1186, 409, 567, 382, 716, 960, 505, 946, 203, 596]
KRT1	500.5	[755, 579, 1036, 179, 496, 373, 496, 275, 873, 239, 860, 497, 1409, 602, 382, 1307, 456, 842, 496, 364, 725, 382, 422, 917, 812, 156, 641, 242, 424, 216, 877, 681, 758, 774, 120, 880, 370, 986, 1930, 625, 1221, 419, 371, 470, 493, 240, 627, 620, 125, 357, 772, 339, 217, 255, 2022, 270, 1067, 164, 297, 637, 122, 155, 570, 134, 314, 306, 616, 262, 642, 775, 1083, 373, 788, 367, 716, 537, 504, 571, 496, 845, 341, 639, 119, 823, 323, 637, 1060, 182, 1136, 199, 373, 1311, 1048, 458, 442, 821, 912, 1961, 989, 171]
HLA-DPB1	540.0	[117, 4443, 203, 1747, 103, 491, 823, 976, 728, 314, 176, 730, 512, 233, 411, 345, 281, 3520, 134, 153, 1159, 193, 3932, 305, 5874, 2172, 111, 1189, 469, 774, 2184, 2119, 214, 1119, 1063, 1105, 127, 602, 354, 327, 252, 550, 480, 546, 421, 741, 4493, 911, 137, 3558, 86, 212, 303, 534, 1870, 7939, 209, 3997, 430, 353, 1603, 2012, 5086, 289, 256, 2571, 919, 593, 249, 3529, 367, 141, 3044, 413, 156, 5722, 849, 1886, 385, 176, 8543, 401, 843, 581, 8170, 322, 411, 3210, 616, 270, 3364, 1583, 2699, 2756, 385, 246, 1352, 411, 164, 214]
IGHG3	566.0	[9707, 7468, 770, 5820, 212, 3370, 49, 9137, 81, 112, 2016, 385, 208, 318, 5945, 300, 14, 560, 507, 677, 31, 26, 22, 40, 5854, 10, 74, 759, 1277, 190, 598, 7444, 53, 13, 53, 82, 3741, 5362, 8888, 7990, 602, 1195, 343, 1452, 202, 73, 313, 1669, 891, 5, 1010, 80, 8801, 9874, 851, 17, 320, 255, 9, 19, 73, 97, 694, 5718, 1736, 2954, 244, 9058, 4545, 161, 1036, 9833, 183, 307, 80, 9521, 4134, 57, 977, 307, 121, 9487, 38, 9712, 239, 572, 655, 318, 4635, 521, 177, 9804, 9819, 1770, 26, 1400, 1974, 104, 7355, 5119]
SMARCB1	606.0	[753, 643, 873, 459, 619, 897, 459, 622, 498, 456, 624, 730, 467, 1116, 457, 753, 379, 238, 498, 974, 487, 1067, 747, 859, 380, 391, 761, 542, 797, 734, 681, 311, 559, 365, 540, 2099, 1403, 1383, 1819, 972, 1254, 302, 631, 607, 489, 409, 539, 749, 429, 605, 332, 709, 766, 860, 966, 485, 818, 672, 488, 698, 481, 373, 681, 978, 1730, 1313, 872, 323, 1504, 1255, 394, 510, 370, 506, 365, 362, 468, 432, 846, 537, 773, 588, 315, 421, 508, 524, 263, 976, 771, 733, 900, 902, 290, 878, 424, 398, 477, 2452, 298, 396]
SUPT6H	611.5	[2707, 393, 1849, 1256, 2912, 173, 296, 1653, 7435, 1781, 2835, 603, 120, 464, 99, 3210, 370, 125, 68, 656, 3655, 147, 153, 4178, 910, 4635, 628, 770, 379, 410, 712, 508, 411, 491, 249, 157, 221, 1107, 1351, 448, 435, 7616, 5621, 2900, 1158, 2689, 4830, 147, 1101, 169, 95, 162, 171, 3031, 319, 1569, 951, 190, 345, 182, 5498, 5531, 1471, 620, 249, 382, 1993, 319, 288, 1620, 382, 68, 1064, 999, 2532, 3963, 265, 761, 1554, 430, 158, 1452, 156, 302, 701, 3613, 331, 53, 982, 243, 1644, 78, 4963, 1559, 208, 328, 5071, 2414, 50, 187]
PSG9	672.0	[989, 685, 1863, 1174, 738, 320, 560, 851, 1253, 414, 270, 784, 624, 193, 487, 682, 390, 630, 398, 603, 331, 606, 320, 572, 704, 666, 1055, 1765, 489, 594, 499, 873, 465, 537, 888, 1420, 848, 871, 371, 556, 652, 561, 561, 965, 553, 306, 1299, 934, 3439, 844, 494, 1325, 1169, 485, 478, 390, 840, 303, 598, 904, 778, 542, 581, 870, 900, 171, 1349, 819, 722, 763, 938, 684, 840, 965, 787, 678, 479, 911, 376, 776, 1013, 625, 873, 349, 365, 1973, 991, 347, 474, 888, 375, 687, 421, 963, 774, 478, 413, 303, 1356, 591]
OR10H2	682.5	[3871, 1802, 263, 271, 1206, 6271, 1607, 956, 1156, 4764, 299, 8238, 125, 1526, 2482, 616, 904, 2526, 372, 2189, 573, 2789, 3175, 379, 3012, 3921, 92, 5851, 1194, 2184, 6014, 399, 143, 1229, 9226, 843, 669, 599, 526, 527, 1084, 497, 1060, 127, 4565, 575, 849, 748, 1050, 1224, 636, 381, 305, 362, 980, 369, 613, 403, 793, 675, 353, 397, 788, 1965, 229, 329, 578, 389, 210, 1863, 347, 400, 269, 2607, 714, 644, 1234, 611, 1084, 124, 3569, 388, 373, 1711, 100, 262, 275, 575, 825, 690, 3473, 6417, 2383, 89, 2277, 469, 460, 359, 414, 1156]
SHBG	716.5	[7242, 9311, 9312, 659, 9857, 340, 1595, 1032, 266, 33, 217, 256, 9173, 312, 9759, 44, 1745, 115, 288, 216, 9763, 943, 418, 3475, 71, 916, 464, 564, 8230, 9709, 780, 715, 84, 964, 7197, 94, 1146, 279, 184, 256, 451, 214, 224, 1113, 95, 4219, 540, 147, 1998, 8562, 342, 85, 1422, 147, 1238, 201, 476, 4292, 527, 212, 612, 387, 9722, 231, 9791, 4821, 1783, 418, 9800, 120, 1608, 1050, 3296, 1073, 2510, 2264, 1595, 6144, 437, 206, 155, 718, 5305, 8129, 311, 2271, 638, 7267, 2493, 429, 1681, 688, 870, 1808, 6296, 211, 128, 82, 125, 864]
PRAME	743.0	[1285, 1017, 587, 273, 684, 116, 331, 445, 688, 538, 2160, 450, 208, 1061, 311, 2140, 614, 1011, 572, 812, 989, 1480, 2140, 1491, 2199, 1325, 257, 503, 2858, 463, 518, 812, 526, 1586, 530, 646, 2154, 276, 785, 956, 2152, 890, 1776, 1277, 740, 87, 1235, 135, 1641, 3827, 365, 1340, 658, 775, 2358, 1299, 1840, 2438, 487, 350, 480, 3124, 388, 206, 1427, 888, 574, 1542, 1490, 1371, 1616, 54, 525, 568, 1086, 169, 322, 258, 1691, 712, 717, 475, 725, 2682, 1968, 739, 1025, 2634, 965, 624, 230, 320, 746, 816, 481, 276, 2295, 1931, 314, 648]
SFRP5	804.0	[1332, 697, 975, 328, 1252, 634, 2369, 661, 1022, 166, 561, 1928, 1780, 1194, 1188, 2791, 622, 2495, 158, 6918, 1035, 418, 960, 1071, 95, 1052, 1550, 815, 399, 960, 160, 1317, 284, 306, 2875, 1190, 1421, 377, 2259, 783, 744, 513, 345, 286, 2065, 996, 346, 299, 3730, 653, 686, 368, 2769, 1380, 2851, 975, 938, 227, 666, 243, 3587, 604, 958, 412, 180, 1019, 2183, 352, 1108, 604, 324, 267, 238, 793, 298, 255, 785, 1556, 1954, 1021, 234, 3054, 354, 558, 4183, 1908, 191, 1151, 194, 147, 1188, 1690, 453, 356, 1480, 521, 835, 1218, 751, 1597]
TTYH1	820.0	[576, 169, 724, 699, 185, 395, 1263, 1966, 5349, 829, 3458, 1915, 2632, 444, 100, 4968, 297, 3264, 326, 2645, 418, 686, 8772, 793, 6801, 870, 1088, 1400, 134, 526, 348, 529, 3562, 655, 239, 2352, 448, 1357, 1056, 1169, 310, 178, 1467, 271, 221, 350, 211, 811, 1011, 142, 4712, 947, 970, 1509, 526, 663, 1840, 3102, 4831, 2246, 787, 1309, 635, 3526, 1201, 3914, 834, 83, 1483, 150, 741, 1673, 534, 2091, 2635, 868, 614, 482, 691, 846, 878, 1451, 1642, 884, 547, 105, 736, 558, 2398, 915, 975, 708, 368, 424, 517, 557, 384, 4461, 2428, 375]
SMARCD1	829.0	[521, 622, 650, 1350, 892, 847, 438, 1719, 821, 278, 1174, 678, 598, 771, 2250, 584, 2508, 831, 661, 577, 700, 2129, 1049, 494, 146, 229, 1676, 1202, 220, 675, 369, 1111, 3916, 772, 1323, 1268, 1090, 638, 1211, 281, 2460, 845, 1762, 1828, 2195, 829, 1299, 363, 822, 733, 911, 440, 632, 2779, 5735, 4803, 314, 522, 1830, 1021, 1105, 225, 663, 5929, 490, 361, 819, 1107, 593, 2340, 468, 5317, 825, 1564, 2568, 855, 358, 345, 501, 724, 397, 271, 3721, 1044, 484, 589, 1144, 829, 1254, 1841, 2814, 1013, 1527, 283, 663, 1145, 2044, 357, 765, 835]
TAT	831.0	[397, 1050, 610, 2366, 1105, 602, 698, 490, 2081, 740, 992, 1075, 1158, 831, 794, 1185, 1321, 2409, 2553, 1033, 696, 788, 589, 780, 2088, 1058, 672, 2020, 1430, 755, 606, 759, 1092, 511, 807, 587, 588, 984, 4209, 704, 690, 3926, 1037, 556, 3077, 960, 3554, 1176, 869, 2890, 297, 663, 531, 988, 596, 3618, 1511, 390, 1241, 1208, 793, 666, 3276, 1082, 831, 994, 616, 1615, 542, 2712, 1234, 1006, 315, 692, 645, 354, 743, 292, 1225, 927, 456, 1023, 822, 473, 639, 733, 193, 139, 1515, 2338, 529, 1300, 708, 5617, 960, 346, 943, 668, 1249, 372]
TFF3	842.0	[353, 431, 515, 2299, 608, 1563, 413, 1721, 312, 1934, 810, 1511, 712, 334, 339, 1212, 401, 968, 1045, 1625, 535, 609, 844, 650, 441, 354, 604, 2138, 2860, 706, 528, 890, 1081, 702, 1884, 426, 1502, 1093, 909, 600, 876, 434, 835, 618, 309, 741, 402, 480, 2247, 583, 803, 1614, 2576, 1127, 1088, 930, 3372, 2982, 590, 890, 1000, 938, 644, 465, 4259, 661, 1495, 1108, 1790, 1846, 2377, 2167, 861, 967, 537, 552, 281, 785, 2702, 477, 273, 1022, 1820, 736, 1191, 634, 1083, 2039, 840, 1053, 642, 857, 1146, 551, 295, 479, 2843, 990, 767, 435]
ACOX2	860.0	[1634, 740, 4204, 1637, 806, 1000, 4547, 1191, 1313, 670, 1611, 1003, 1018, 684, 401, 486, 1255, 1768, 304, 857, 336, 386, 427, 1456, 449, 755, 161, 745, 638, 1516, 929, 930, 4261, 688, 317, 463, 740, 475, 553, 1751, 1005, 2759, 1297, 2531, 887, 484, 311, 867, 1258, 731, 591, 178, 707, 1061, 1161, 2447, 302, 873, 630, 1193, 2737, 251, 1620, 456, 1167, 377, 418, 662, 956, 1351, 1275, 725, 799, 900, 3711, 453, 1706, 863, 970, 1277, 746, 677, 165, 1366, 1368, 1003, 382, 650, 984, 2810, 345, 537, 1439, 448, 815, 647, 943, 298, 420, 1516]
RAB11A	992.0	[1929, 4550, 366, 1324, 1039, 3724, 1843, 197, 473, 5617, 944, 1762, 8298, 6041, 2028, 848, 440, 677, 1014, 372, 1568, 376, 1087, 697, 3530, 1353, 532, 165, 1461, 3012, 1092, 3069, 1174, 3253, 608, 1071, 3520, 487, 1083, 1079, 2509, 3311, 3688, 1725, 122, 816, 576, 5230, 1921, 390, 251, 682, 390, 504, 288, 2729, 384, 2788, 1486, 1093, 551, 435, 1092, 545, 1390, 924, 356, 538, 3064, 2383, 337, 905, 581, 1111, 459, 502, 2952, 617, 522, 970, 166, 508, 3329, 224, 696, 1389, 492, 497, 515, 170, 293, 253, 1164, 733, 2052, 3480, 837, 1126, 1474, 1694]
IFI27	1010.0	[1154, 970, 924, 1119, 608, 3259, 888, 621, 851, 1076, 1580, 2187, 700, 2687, 1292, 174, 765, 1113, 653, 1116, 1915, 799, 1752, 773, 525, 1035, 1294, 426, 2480, 423, 670, 1108, 1579, 1182, 472, 918, 1154, 1412, 1824, 1542, 589, 2220, 1289, 985, 862, 1456, 792, 528, 1672, 1257, 1068, 512, 699, 983, 1559, 1410, 1132, 587, 929, 742, 1588, 1274, 1599, 597, 560, 2512, 705, 1136, 846, 486, 698, 587, 1073, 948, 586, 1311, 588, 631, 1620, 497, 436, 1233, 1334, 932, 1685, 501, 1627, 2072, 1222, 598, 615, 1081, 2344, 651, 2463, 597, 375, 1392, 1167, 945]
GLP2R	1154.5	[519, 3568, 329, 5404, 925, 342, 1981, 1321, 410, 469, 3378, 4741, 4069, 1495, 1520, 4177, 4591, 1681, 885, 1448, 237, 195, 5922, 1739, 2058, 3104, 875, 694, 1396, 343, 270, 5210, 1158, 4302, 1400, 307, 2496, 463, 1151, 866, 524, 594, 619, 172, 750, 341, 359, 327, 441, 474, 1825, 1358, 129, 8239, 1100, 975, 679, 1419, 4042, 1051, 504, 639, 1949, 129, 8061, 929, 898, 4406, 552, 4885, 1472, 4379, 630, 2149, 163, 4041, 1601, 3791, 1655, 7858, 1196, 682, 4550, 973, 1088, 3045, 2294, 941, 280, 2338, 226, 464, 1168, 8887, 113, 2823, 161, 536, 3192, 2288]
MC1R	1249.5	[646, 1702, 2717, 452, 2583, 1739, 1366, 367, 2665, 806, 2296, 724, 829, 4372, 718, 3710, 1200, 6353, 294, 817, 2006, 1813, 1523, 729, 2580, 2963, 2018, 999, 1158, 4476, 3548, 968, 418, 674, 2171, 1220, 1050, 479, 1358, 5589, 2520, 836, 1403, 987, 353, 940, 553, 1291, 896, 1191, 1969, 1320, 2081, 1985, 1248, 1236, 993, 609, 7487, 2396, 649, 147, 1251, 976, 1387, 2304, 2136, 1290, 4295, 1564, 1601, 504, 338, 1237, 869, 815, 1410, 5352, 1014, 478, 3589, 3121, 2827, 2771, 612, 3463, 1078, 1407, 920, 1526, 1095, 459, 1153, 1340, 684, 2473, 1299, 337, 682, 313]
CDC42BPB	1547.0	[1720, 1418, 2965, 1540, 498, 7111, 1643, 5975, 931, 621, 2483, 9071, 305, 1313, 341, 1995, 1225, 1932, 500, 259, 3845, 447, 2269, 4814, 4169, 1726, 597, 1261, 313, 890, 8921, 413, 1411, 1013, 4661, 737, 9656, 8193, 3453, 1755, 3978, 4307, 100, 1405, 201, 2646, 1092, 3818, 248, 8921, 7325, 595, 1199, 3165, 845, 1813, 5711, 1028, 1325, 1554, 629, 8459, 454, 7811, 3315, 3446, 1444, 149, 296, 1624, 136, 1111, 1145, 2283, 1754, 234, 685, 687, 1479, 5183, 2027, 1711, 599, 1394, 1090, 4663, 1453, 2498, 3935, 669, 5654, 500, 1097, 7786, 1310, 7545, 2148, 2399, 6108, 1713]
CYP2C8	1586.0	[6120, 455, 2835, 872, 2121, 517, 1009, 287, 1303, 3851, 2270, 2196, 2203, 2205, 1011, 507, 3072, 3757, 1037, 716, 1024, 1753, 584, 2319, 5469, 622, 3914, 720, 574, 3880, 998, 2688, 577, 2223, 1665, 3256, 2174, 1639, 572, 366, 3458, 1940, 885, 635, 1999, 317, 201, 1852, 272, 217, 222, 1178, 688, 994, 5562, 251, 794, 2868, 1508, 384, 2156, 857, 2055, 3183, 2387, 704, 5254, 2271, 2770, 642, 635, 453, 1108, 579, 1445, 4931, 2405, 3779, 944, 2418, 2898, 591, 524, 1801, 1720, 3878, 205, 2316, 2072, 2828, 1099, 1533, 4932, 3577, 5113, 440, 2043, 1205, 4580, 1384]
ESR1	1587.0	[1977, 1029, 1750, 908, 1846, 1615, 1403, 951, 1542, 1246, 1888, 2198, 2302, 2115, 1685, 1436, 1092, 2416, 1211, 1738, 859, 849, 2109, 1583, 1307, 1730, 1264, 1845, 2787, 1120, 1583, 1679, 1361, 2804, 1087, 881, 1665, 1999, 1612, 1740, 1912, 1429, 1014, 2349, 2135, 1232, 1703, 844, 2417, 2093, 2360, 1165, 1686, 1017, 2767, 1579, 1855, 1562, 1177, 1265, 1160, 1868, 1591, 2331, 2146, 1397, 1744, 1341, 1448, 2045, 1677, 2970, 1923, 982, 1648, 1576, 2819, 1821, 1178, 2915, 1097, 772, 1667, 1357, 2117, 2378, 987, 1864, 1538, 2467, 1971, 1129, 1037, 1510, 1083, 1274, 1174, 950, 1414, 1071]
LCP1	1595.0	[4780, 1976, 795, 6588, 789, 682, 2842, 7600, 1513, 6290, 469, 708, 7123, 4077, 1594, 3666, 376, 3475, 4179, 1825, 574, 8282, 452, 1136, 1657, 1691, 4005, 768, 7628, 7164, 3856, 889, 1376, 5387, 1271, 959, 2050, 1394, 8709, 6707, 441, 9028, 648, 2056, 4461, 534, 379, 1596, 800, 458, 1202, 452, 247, 765, 268, 8035, 7453, 1044, 604, 6272, 8379, 2454, 521, 246, 105, 1529, 7177, 1909, 4649, 2710, 4005, 416, 2354, 456, 7007, 8936, 1995, 364, 2220, 975, 506, 834, 8908, 5581, 395, 852, 931, 657, 7499, 487, 302, 3459, 5209, 1242, 237, 4869, 3831, 718, 352, 8213]
SLC26A6	1670.5	[2042, 471, 4082, 2217, 1962, 3325, 746, 1765, 716, 6318, 2325, 956, 2072, 1544, 1485, 3203, 1204, 1777, 1295, 1667, 3677, 2308, 1899, 2974, 3917, 3343, 649, 1899, 469, 2664, 1089, 4223, 1542, 2715, 2063, 1829, 1672, 176, 2127, 1696, 1140, 1493, 972, 763, 799, 1347, 4167, 3044, 3608, 3599, 2226, 458, 1064, 2927, 2117, 1634, 2150, 4029, 720, 2143, 1827, 4129, 1079, 642, 4980, 2517, 1731, 1302, 855, 1043, 3192, 1669, 1000, 691, 7793, 1998, 3020, 1420, 931, 1105, 1071, 2243, 1270, 1221, 1256, 1047, 2962, 1798, 1663, 1524, 1286, 2453, 431, 1108, 3821, 994, 507, 782, 707, 756]
HCRT	1790.5	[4671, 1581, 3181, 2418, 920, 3475, 2573, 1311, 3270, 924, 2072, 2673, 1905, 2792, 207, 475, 922, 3660, 2174, 1370, 1735, 2716, 1047, 2814, 1737, 612, 1903, 919, 656, 1149, 514, 3148, 2316, 759, 418, 1008, 3662, 1809, 470, 1287, 1680, 3569, 4532, 2112, 399, 4603, 1833, 4732, 834, 990, 1243, 1772, 3136, 1332, 948, 4122, 2377, 1020, 3116, 1462, 1952, 2275, 961, 1117, 1657, 800, 1362, 808, 1317, 2928, 3949, 2319, 2033, 1033, 2028, 955, 1136, 908, 2907, 2055, 5595, 2108, 4200, 301, 1845, 821, 2687, 871, 4427, 4453, 2505, 1413, 1524, 669, 415, 4430, 3878, 2123, 1381, 1924]
SVIL	1856.0	[2612, 954, 432, 1184, 640, 1966, 5118, 2529, 1845, 1525, 1142, 2185, 5549, 1186, 1085, 1609, 988, 2298, 3661, 933, 2811, 2109, 380, 1125, 3574, 351, 2348, 590, 4308, 2327, 4441, 3767, 3604, 7524, 2387, 5299, 2511, 390, 884, 2217, 428, 2628, 3747, 4008, 1646, 808, 1034, 1288, 1291, 3614, 1942, 3553, 1777, 3627, 682, 690, 5336, 2887, 4371, 433, 1765, 5911, 4143, 1704, 5642, 797, 725, 3281, 1168, 2983, 1128, 265, 7173, 2556, 1672, 3118, 1626, 1867, 811, 464, 3472, 215, 3991, 1458, 7768, 3013, 2851, 1313, 1520, 1224, 1705, 1013, 8311, 2180, 4061, 1329, 484, 7319, 389, 241]
KCNAB1	1874.5	[1329, 1771, 2068, 2261, 2004, 1274, 760, 1692, 1058, 3606, 3867, 1396, 861, 1072, 1379, 1931, 1831, 2845, 2124, 2663, 2065, 1073, 1925, 2542, 2716, 1093, 1493, 1367, 1054, 4125, 1444, 2608, 3530, 1757, 2479, 3906, 1393, 1146, 1635, 2849, 2025, 2041, 1379, 2443, 663, 892, 1653, 3085, 1717, 1781, 2369, 1060, 2574, 2174, 1824, 3357, 796, 2612, 1385, 2327, 2328, 1918, 2010, 2147, 1361, 1255, 1707, 2177, 2240, 2710, 3944, 2602, 1078, 1448, 4043, 2174, 1774, 2730, 1079, 1816, 2724, 1437, 2720, 2585, 2835, 4177, 1521, 2369, 1394, 1665, 868, 1598, 1307, 2164, 818, 2216, 1046, 454, 4388, 1625]
CPB1	1911.0	[3876, 8984, 5407, 743, 4188, 6651, 1709, 7296, 4918, 1294, 4652, 818, 5015, 2757, 1646, 4370, 329, 514, 2756, 8431, 4529, 2861, 2542, 8376, 1756, 5453, 4243, 2909, 1456, 798, 1702, 1420, 6740, 762, 433, 862, 457, 1002, 3126, 571, 1581, 5167, 480, 266, 436, 2616, 1737, 1358, 5554, 1631, 620, 2115, 7795, 154, 1932, 994, 280, 4379, 314, 2429, 5230, 653, 7842, 1744, 4294, 2252, 3641, 2346, 1461, 2322, 1623, 3840, 729, 5051, 128, 3132, 4261, 741, 342, 1295, 4197, 435, 350, 4742, 8482, 1890, 370, 911, 670, 329, 4661, 559, 7137, 4951, 1492, 2061, 1233, 4480, 5448, 436]
ATOH1	2021.5	[4781, 2786, 7608, 1973, 2017, 1635, 2629, 1012, 1145, 3074, 440, 1618, 8305, 787, 1813, 6859, 1170, 4651, 1604, 3028, 1188, 1374, 1792, 1311, 909, 1694, 1195, 1210, 6587, 4445, 4957, 6317, 3775, 6280, 1335, 1426, 8219, 2242, 1311, 701, 4131, 1167, 6260, 7146, 6137, 1657, 3254, 2894, 3253, 5847, 2374, 1077, 1331, 3972, 8366, 4465, 1525, 1912, 3393, 1934, 4253, 717, 4431, 2009, 2126, 4700, 2527, 2820, 2177, 5319, 1376, 1281, 1182, 424, 6538, 3090, 6790, 3014, 936, 1722, 838, 1325, 1699, 714, 1690, 2026, 2429, 1791, 3859, 2406, 3659, 569, 740, 977, 4584, 4083, 3860, 678, 1478, 1169]
ERBB2	2289.0	[2235, 3184, 602, 2497, 1626, 2742, 5611, 2332, 4165, 2374, 6457, 4029, 1831, 981, 1314, 812, 892, 1631, 4742, 1012, 1854, 3222, 1254, 932, 1647, 5189, 3804, 4496, 4523, 3807, 1102, 1371, 1242, 3604, 1206, 3881, 2040, 1869, 2779, 4052, 1462, 4469, 2288, 1253, 4068, 3014, 738, 2057, 1688, 2070, 2680, 4145, 2289, 1401, 2834, 6428, 1388, 3303, 1434, 1169, 1200, 3581, 1155, 2289, 3381, 2412, 3497, 1900, 3328, 2697, 5195, 3550, 1929, 6027, 1475, 2814, 2456, 2546, 1875, 3173, 756, 1705, 590, 2534, 3639, 4739, 2506, 1113, 2445, 3062, 4648, 1036, 1998, 1640, 1474, 1482, 2780, 1776, 1794, 1501]
NPY1R	2580.0	[5888, 2160, 2766, 1563, 5477, 3102, 2590, 3199, 7109, 1372, 1833, 2039, 2964, 2081, 1864, 4513, 2266, 1457, 2687, 4194, 2121, 3209, 1967, 2390, 616, 1072, 3569, 1615, 6435, 3855, 4399, 3752, 2613, 2642, 711, 2891, 6138, 4522, 6540, 1285, 4796, 2597, 2020, 1344, 4780, 6074, 3855, 2722, 2489, 3652, 959, 2188, 2238, 2670, 3021, 1708, 1779, 1686, 2032, 1956, 4776, 1509, 6752, 1595, 1878, 2464, 2328, 3453, 613, 5385, 5180, 1878, 2728, 768, 1527, 3517, 1802, 1837, 3071, 1684, 3944, 2716, 3051, 2695, 337, 2054, 2353, 2429, 2459, 2764, 2570, 2779, 1242, 868, 3150, 2208, 3952, 2284, 2932, 3034]
REC8	2609.0	[5589, 2545, 2887, 1974, 8186, 7748, 6030, 2613, 3886, 4349, 4367, 2887, 826, 4971, 1549, 3788, 2253, 1966, 1408, 3005, 5872, 1814, 2582, 3873, 2599, 1583, 5341, 2477, 7274, 8053, 1324, 881, 6709, 3694, 2845, 2366, 2188, 4445, 3543, 7531, 775, 1633, 8348, 2778, 1758, 3536, 2581, 2430, 4742, 4559, 1460, 1048, 3300, 4887, 875, 1781, 8039, 3476, 1590, 1793, 3654, 710, 4504, 1135, 6111, 2102, 2605, 1951, 1774, 1532, 3535, 2425, 866, 2679, 3360, 1387, 2050, 2502, 4448, 3491, 7699, 4360, 1123, 7071, 2338, 1838, 741, 829, 3972, 971, 1612, 5807, 3091, 2388, 1502, 3084, 6297, 2356, 2057, 8208]
S100P	2647.0	[4216, 1117, 2426, 2135, 4214, 4523, 1724, 3525, 2861, 1439, 4314, 2316, 5112, 3527, 1519, 1845, 1516, 2526, 2396, 2629, 1268, 3353, 3184, 5758, 1858, 4191, 2785, 7294, 1081, 3757, 2042, 1849, 2856, 2215, 4710, 1988, 1260, 2584, 2120, 2098, 1405, 2490, 1877, 2371, 6174, 917, 3278, 1438, 7710, 5966, 2946, 2776, 2736, 2174, 5778, 2706, 2600, 2940, 2328, 1275, 2665, 1638, 5225, 2574, 2768, 4675, 3642, 3039, 2086, 3088, 1998, 6248, 3559, 2826, 2043, 2108, 2678, 1432, 1492, 3058, 3048, 2668, 1713, 3382, 3114, 3585, 1408, 856, 2262, 1798, 2485, 4389, 3257, 3145, 1774, 6094, 2952, 1332, 1875, 2763]
MYB	2863.0	[3079, 1624, 2664, 1485, 2966, 1581, 4431, 2677, 3767, 2792, 2457, 3760, 3729, 1675, 2206, 2618, 4583, 3296, 2636, 3184, 2339, 4272, 4018, 4335, 2886, 3426, 1362, 2249, 3729, 2940, 2037, 3142, 4016, 3917, 1790, 4552, 1336, 2167, 3559, 1551, 2913, 3793, 3618, 3284, 2670, 2442, 3388, 1441, 2121, 2792, 3273, 3718, 1603, 2343, 1738, 2689, 3500, 2993, 1802, 3834, 3512, 2460, 2127, 2846, 2318, 2763, 3436, 2921, 2824, 3021, 3710, 1467, 3616, 3512, 3667, 3125, 2880, 5193, 2479, 1953, 1742, 2080, 1629, 2840, 1970, 3438, 1442, 4934, 3470, 2442, 2978, 2493, 4338, 5375, 2296, 3906, 2618, 4406, 1858, 2400]
SLC1A1	2928.0	[4995, 2679, 1242, 1136, 1425, 1782, 3561, 3535, 3082, 2062, 5498, 4403, 3937, 2064, 3786, 2541, 2468, 3073, 1469, 4846, 1842, 2718, 4265, 4496, 2003, 4430, 4041, 1108, 6064, 2639, 1211, 3029, 2961, 3667, 1556, 4746, 1576, 4468, 2766, 2885, 1666, 3806, 4918, 5082, 5062, 1834, 5052, 1970, 2990, 2045, 2036, 1084, 4415, 4052, 3431, 1131, 1653, 2144, 3349, 3817, 4493, 2682, 1924, 2895, 6861, 7534, 4301, 1878, 2467, 512, 1457, 4833, 1946, 2793, 6513, 2321, 1601, 5878, 3504, 5380, 3350, 2877, 4982, 4321, 859, 903, 2088, 2256, 2601, 4002, 3820, 3296, 3026, 2629, 2521, 2109, 3331, 3719, 3058, 2394]
GRIN2A	2965.5	[1299, 4233, 4073, 2066, 3602, 4572, 1502, 2513, 2291, 3891, 3568, 3204, 3411, 2854, 4110, 3114, 3320, 2908, 1823, 2100, 2189, 2286, 2488, 3220, 2665, 2320, 1894, 929, 2435, 5414, 1486, 3181, 2222, 3266, 4355, 3614, 5583, 1960, 1292, 3162, 2692, 2856, 1857, 3505, 5583, 3046, 3676, 2878, 2430, 2436, 3582, 2514, 2942, 5824, 3098, 3776, 2111, 3199, 8199, 3954, 2754, 2472, 2448, 2989, 2933, 5021, 682, 4591, 1990, 5859, 5726, 3293, 4761, 4273, 2586, 2775, 5530, 2854, 1359, 2534, 2460, 3700, 6508, 4480, 4148, 3949, 1394, 2791, 3524, 2610, 3208, 6121, 3786, 2535, 4655, 2248, 4895, 2248, 1773, 2104]
IFNA4	3028.0	[8484, 3728, 7520, 4856, 1652, 4213, 5231, 1781, 1300, 1529, 1779, 4524, 5263, 6229, 4420, 3110, 534, 3949, 3829, 8191, 7948, 2029, 682, 986, 5537, 8466, 2752, 5118, 4725, 6234, 7519, 3859, 385, 814, 1891, 7723, 2334, 1445, 3352, 3491, 450, 2311, 5407, 2031, 4195, 6682, 2778, 2794, 2762, 2205, 552, 1516, 1435, 3360, 1901, 7004, 222, 1418, 3495, 1339, 1394, 4852, 4247, 2997, 1262, 2279, 5530, 5044, 2252, 6822, 1187, 796, 1128, 1150, 3591, 3160, 2206, 2851, 4644, 5748, 434, 1102, 3512, 4074, 6652, 7617, 704, 2849, 1720, 1078, 1801, 8437, 3356, 3059, 2950, 2115, 3954, 2315, 4099, 8437]
RBP1	3077.0	[4900, 1974, 6372, 4062, 4455, 6097, 3899, 7899, 2914, 1010, 1193, 2132, 3250, 2829, 2626, 5398, 3396, 6412, 4715, 2276, 8005, 6519, 5517, 1078, 5631, 2837, 637, 2464, 4682, 2287, 1503, 1025, 1332, 1558, 2306, 7202, 503, 134, 4496, 3701, 6157, 5495, 777, 1408, 2517, 1069, 4078, 1380, 5326, 2226, 2405, 4264, 717, 4799, 8853, 885, 3475, 1335, 4276, 3208, 1669, 3330, 8531, 3667, 1316, 397, 5317, 3766, 1411, 1095, 1074, 2667, 754, 2946, 2620, 5083, 577, 420, 4064, 2434, 4206, 1340, 2632, 4653, 2628, 5606, 5301, 3761, 6895, 4226, 1115, 3650, 7057, 5178, 8242, 4992, 2430, 5204, 1095, 1943]
RBP3	3159.5	[202, 9168, 60, 147, 1434, 2206, 298, 564, 5499, 9305, 1053, 7668, 245, 265, 3660, 7292, 9773, 3900, 2486, 266, 1718, 930, 6335, 856, 100, 3783, 1468, 8128, 231, 561, 9802, 5310, 7834, 4899, 451, 9586, 341, 5010, 1552, 830, 8271, 2981, 339, 6918, 6958, 9778, 9355, 613, 72, 883, 8711, 66, 2250, 3421, 6886, 3338, 9832, 1289, 6383, 829, 7609, 8661, 4808, 9759, 447, 4636, 9125, 207, 9748, 427, 6587, 73, 2628, 5741, 867, 8448, 8317, 587, 821, 603, 1045, 1628, 9629, 7933, 5498, 9764, 49, 9211, 615, 1252, 823, 6255, 9661, 522, 9618, 1184, 9681, 9619, 9826, 637]
CTAG2	3472.5	[4931, 6698, 4242, 3008, 9527, 267, 467, 9717, 5737, 488, 9270, 9512, 8819, 8703, 2715, 29, 5305, 1462, 9137, 4392, 543, 73, 564, 2953, 1344, 6046, 5135, 6621, 7793, 8824, 5842, 339, 9117, 2715, 1254, 6566, 8111, 3576, 9225, 8414, 9454, 1048, 9367, 5096, 2981, 1452, 76, 1215, 450, 1978, 9526, 153, 7618, 5359, 1972, 1406, 6018, 386, 107, 2738, 9456, 8342, 2403, 537, 591, 190, 5067, 8346, 9380, 640, 103, 1363, 6886, 9633, 2544, 1197, 7401, 7918, 1244, 4656, 6494, 1748, 102, 2399, 568, 402, 2422, 2441, 3369, 6620, 808, 277, 548, 7222, 3788, 704, 6205, 3576, 5121, 4485]
ICAM2	3523.0	[766, 3666, 3245, 3522, 1234, 696, 3523, 1790, 6774, 3531, 7765, 1866, 3769, 1160, 3451, 3512, 540, 3698, 1445, 2329, 3318, 3001, 3753, 713, 6338, 2974, 7716, 6827, 2031, 7006, 4393, 2578, 6295, 3190, 6985, 7035, 3140, 3625, 5679, 4602, 8416, 1155, 6103, 2898, 6670, 469, 1083, 3338, 5226, 1628, 7406, 4248, 6077, 2955, 7671, 1275, 3184, 3057, 1068, 864, 1957, 4805, 8302, 3205, 6827, 3783, 8717, 2627, 6388, 8157, 4643, 8175, 1878, 7334, 1093, 2365, 4601, 1243, 1078, 2221, 1909, 1887, 6246, 2464, 2145, 6364, 5295, 4188, 6185, 3289, 4474, 6698, 4440, 6321, 2274, 3523, 1615, 9055, 3854, 7068]
VAPB	3548.0	[4332, 4978, 1101, 4222, 3178, 2900, 6489, 5118, 5640, 4867, 7115, 2903, 6141, 7461, 2204, 1683, 3815, 4391, 2653, 2282, 2936, 4001, 2412, 2673, 4655, 1266, 2761, 3070, 5883, 6975, 4129, 2940, 1597, 5225, 2232, 2242, 3355, 1720, 1950, 5138, 2665, 2525, 1997, 4059, 5823, 3964, 3507, 6761, 3703, 2149, 4483, 3206, 3768, 3589, 3642, 1609, 3108, 2262, 3337, 4677, 5367, 6543, 2759, 3048, 3074, 3746, 3597, 5878, 2777, 7441, 4667, 4767, 2319, 7825, 2193, 4628, 5094, 844, 3188, 3611, 4632, 3441, 1083, 3408, 3443, 4391, 1368, 3847, 4003, 2250, 2591, 3647, 5578, 1601, 2142, 3334, 1545, 5231, 6655, 5296]
IDH3G	3738.0	[951, 5666, 983, 937, 8657, 5176, 2290, 892, 5150, 8676, 8278, 4154, 1360, 8244, 2712, 1323, 7886, 9189, 5192, 8983, 7301, 4163, 518, 8708, 166, 319, 1786, 2123, 6894, 2065, 4006, 8621, 9545, 9011, 1009, 1464, 7171, 3996, 7767, 6049, 2100, 2045, 5410, 606, 9230, 8415, 1683, 3159, 3709, 4305, 9226, 2504, 730, 2325, 292, 8075, 2546, 2159, 1431, 7410, 953, 5007, 920, 4126, 764, 2041, 9440, 1899, 8879, 6371, 8220, 5872, 5320, 3788, 8469, 5631, 805, 1204, 1202, 352, 178, 6149, 8280, 3087, 3714, 2007, 499, 7216, 2045, 4412, 3762, 3295, 241, 1432, 879, 1588, 4384, 8276, 223, 4307]
CHGB	3933.0	[411, 2422, 1045, 862, 7517, 468, 6601, 330, 5606, 1384, 5411, 6740, 2636, 3280, 2656, 3888, 8850, 7601, 3776, 7802, 2146, 7728, 4881, 8189, 2459, 4554, 5050, 634, 1588, 2832, 6939, 7733, 2883, 2386, 4281, 3978, 6365, 678, 5669, 4545, 8945, 5408, 2230, 2359, 7158, 7815, 2539, 4180, 4583, 3062, 8253, 1389, 1614, 3980, 5347, 2898, 5852, 1032, 6692, 6098, 8337, 961, 2751, 977, 6413, 7125, 234, 5253, 7944, 5309, 1888, 282, 4632, 2643, 8261, 112, 3790, 991, 4433, 1558, 486, 7323, 8505, 5729, 2408, 764, 2530, 7346, 8734, 7096, 279, 7825, 4285, 405, 2780, 2300, 7426, 2044, 3330, 617]
C4A	4130.0	[5360, 7757, 1723, 1634, 3085, 6922, 2880, 3184, 2992, 6995, 5375, 4562, 4170, 2473, 5197, 5117, 3890, 1892, 6986, 4518, 2743, 3941, 3404, 8399, 3479, 2487, 6508, 7045, 5847, 5044, 2740, 3473, 7690, 7174, 4343, 5318, 2532, 3084, 6302, 4246, 1485, 2189, 4238, 5469, 2421, 5029, 1472, 1204, 8460, 3804, 4703, 4504, 4990, 4090, 4380, 4415, 3856, 2810, 3474, 5908, 3460, 3308, 557, 7578, 3386, 881, 2458, 7225, 6085, 2841, 5146, 1297, 3809, 4941, 6695, 2059, 1240, 730, 3986, 6729, 2678, 2724, 4691, 6711, 4758, 8191, 5601, 3282, 1901, 5188, 3518, 4894, 7305, 3419, 6353, 5911, 4586, 3158, 1370, 2423]
SIX1	4187.0	[1455, 1431, 7938, 8962, 4175, 7942, 1591, 8868, 4487, 9151, 1069, 1540, 5293, 1199, 6086, 7574, 3690, 6413, 1838, 6781, 1726, 5031, 6147, 4909, 5128, 4933, 3883, 4581, 8838, 2563, 4923, 3827, 4265, 645, 9351, 5688, 1557, 5801, 3496, 3879, 5559, 7343, 2433, 1261, 3862, 3070, 6630, 6130, 869, 3375, 1752, 4578, 7115, 4280, 1622, 5172, 3309, 7461, 3080, 2571, 8323, 5156, 3034, 3528, 4905, 1553, 5292, 1062, 2461, 2047, 7335, 2320, 2025, 4199, 5604, 8742, 838, 1907, 5152, 347, 5122, 6298, 4350, 1458, 3781, 3413, 3991, 3858, 1862, 2234, 1674, 8242, 7918, 2908, 6365, 4333, 9024, 2633, 4573, 2547]
GPLD1	4191.5	[3212, 2431, 2226, 1465, 7141, 4671, 4700, 6807, 4937, 2264, 5358, 1990, 5738, 3635, 4012, 4680, 3339, 4262, 5054, 6850, 5101, 840, 2610, 7111, 8410, 4922, 4815, 8470, 4038, 494, 2231, 5094, 3059, 4827, 5289, 5720, 4118, 2309, 2064, 4918, 7900, 7069, 3028, 6711, 2139, 5091, 2228, 3329, 1658, 2513, 5751, 2869, 4797, 6362, 4187, 6201, 4576, 6635, 2571, 6772, 5079, 1862, 7269, 3874, 1465, 3409, 4530, 8467, 2608, 3418, 2380, 5911, 5085, 4453, 602, 2376, 5474, 3018, 4172, 8429, 2264, 4196, 5152, 5442, 4763, 3934, 7146, 3669, 3867, 2097, 2095, 3175, 4335, 8430, 1541, 4001, 1521, 2947, 1825, 6354]
SST	4555.5	[5415, 8162, 4668, 4586, 3028, 4582, 6855, 4273, 6898, 8731, 5008, 3490, 3090, 4953, 1650, 4766, 4912, 3646, 4057, 5901, 4650, 5124, 6097, 5560, 3974, 3327, 7419, 6737, 7892, 6391, 2213, 5089, 3558, 2090, 7663, 7381, 3593, 6778, 2170, 5675, 5347, 3296, 4232, 4453, 8248, 3428, 4433, 4673, 5865, 3734, 6179, 6613, 2679, 3195, 2996, 3493, 7285, 5252, 6778, 3779, 6437, 6778, 4168, 3602, 4438, 4483, 3213, 1856, 3311, 3007, 3824, 2955, 4529, 4807, 5740, 2336, 4397, 2642, 6801, 5683, 5360, 3695, 5669, 3376, 5977, 3242, 3151, 2376, 6417, 3268, 4682, 6293, 8090, 5307, 4414, 6014, 3823, 4226, 4224, 4095]
LRPAP1	4555.5	[6474, 1790, 6920, 5232, 6105, 2643, 8966, 5598, 7031, 3052, 8592, 6659, 3810, 7977, 1519, 7061, 4015, 6547, 3796, 4151, 3826, 2109, 3216, 3171, 1002, 2950, 4400, 6752, 3549, 6336, 6989, 2242, 4866, 5175, 5373, 7219, 1746, 5920, 5846, 2682, 3475, 7868, 4006, 4595, 5987, 2256, 1207, 1215, 4254, 8215, 4221, 2707, 1695, 3922, 7783, 7691, 2213, 7333, 2850, 5562, 2052, 2841, 3545, 7827, 3805, 3284, 4292, 5769, 4204, 6294, 5434, 2053, 5132, 4804, 6399, 4306, 3647, 1464, 1890, 7207, 4567, 3596, 5665, 4641, 7412, 3208, 4435, 4544, 4748, 1979, 2530, 9268, 8311, 6428, 8166, 2338, 8682, 4807, 5450, 6460]
SEC24D	4645.5	[6678, 8552, 4983, 5562, 2864, 1734, 1224, 3739, 3785, 3224, 3681, 1609, 3649, 3764, 6312, 724, 4525, 7369, 3911, 8673, 2332, 5677, 4861, 4605, 3245, 2202, 7600, 2120, 5083, 2225, 3025, 8258, 3592, 4878, 6093, 3748, 3419, 1969, 6791, 6045, 6931, 4367, 1779, 8402, 2300, 7102, 7231, 8189, 7542, 7328, 1510, 5034, 5910, 4393, 4473, 2028, 4043, 7999, 7002, 5061, 8905, 5395, 2519, 7628, 9317, 4460, 8353, 6496, 4059, 4430, 3859, 5201, 3116, 1017, 2520, 2801, 7009, 2810, 4970, 9283, 7882, 6483, 4503, 8261, 1273, 6493, 6766, 6152, 7143, 4686, 3767, 3770, 4018, 2465, 7072, 3460, 4771, 5352, 6926, 4216]
MAP4K1	4704.5	[8809, 4730, 2673, 4623, 2251, 8233, 4781, 7609, 3451, 7572, 6497, 1995, 2248, 5598, 7328, 7384, 2006, 3386, 3736, 6719, 5487, 4834, 2550, 8892, 3313, 1246, 8039, 3842, 3347, 5493, 7551, 3587, 3762, 5754, 5649, 6021, 6709, 2545, 7324, 7878, 1886, 4126, 3971, 1479, 3393, 2977, 2596, 3553, 5572, 2463, 3006, 3409, 6188, 4208, 4623, 1778, 5870, 9059, 1616, 3620, 4781, 9087, 8209, 7761, 8351, 6002, 4783, 8486, 7552, 8805, 5197, 3315, 2835, 8033, 6376, 1921, 9063, 3414, 4107, 3552, 1484, 8211, 5540, 3439, 4423, 4086, 2764, 8484, 4679, 4435, 1671, 5271, 4742, 5039, 1987, 6721, 4578, 5837, 7967, 4339]
KRT19	4880.0	[4431, 5391, 5573, 4709, 3251, 5129, 5018, 5105, 6654, 3804, 2428, 2859, 3562, 3657, 6175, 1416, 3038, 2532, 8222, 6336, 6937, 4724, 4583, 6163, 3975, 2734, 7550, 5883, 2561, 4095, 5920, 6245, 1913, 2006, 7814, 4023, 4275, 6012, 1295, 2616, 5890, 6362, 8163, 6092, 3164, 5424, 5911, 4926, 2284, 1488, 7098, 4876, 3320, 7471, 7005, 2349, 5351, 4642, 5113, 5424, 6193, 1973, 4695, 7182, 2439, 6322, 5923, 3990, 7011, 6166, 4754, 5706, 5763, 4466, 4037, 6191, 6186, 4884, 6448, 5612, 5785, 3843, 4957, 3030, 3251, 7522, 2078, 3683, 5592, 2266, 6239, 6074, 5419, 3406, 4172, 3665, 4192, 3215, 4773, 2917]
GAGE7	4901.5	[400, 8735, 3285, 429, 2138, 9339, 6409, 3757, 9312, 4748, 9157, 8786, 4208, 9719, 1725, 9583, 619, 5967, 1110, 9485, 9675, 9030, 535, 2424, 1473, 9829, 7316, 6074, 8763, 13, 6138, 6779, 4837, 120, 1161, 2617, 464, 8788, 1793, 3949, 7203, 8403, 648, 9743, 22, 2875, 8638, 9749, 6948, 9575, 3187, 9805, 9749, 57, 9665, 8488, 349, 247, 8719, 8194, 9663, 487, 6759, 1669, 137, 74, 786, 3881, 3753, 7809, 4966, 9715, 2040, 9490, 608, 256, 9825, 9752, 210, 389, 1662, 6148, 9629, 5334, 389, 8378, 4413, 668, 8929, 8491, 5492, 431, 852, 2966, 103, 6200, 1196, 4131, 9763, 9840]
KCNIP1	5182.0	[5689, 5367, 3474, 7704, 1580, 2605, 532, 8583, 8761, 966, 4354, 3834, 2740, 6761, 9219, 8542, 644, 6892, 6820, 1858, 1952, 2737, 6897, 5330, 7723, 509, 3349, 4426, 6561, 8369, 1822, 5688, 5118, 5116, 766, 4679, 7188, 9649, 2582, 8298, 1936, 5785, 525, 5492, 2353, 8489, 8999, 6615, 2593, 8264, 4568, 6121, 8533, 640, 9474, 3233, 2914, 8096, 9427, 9461, 4042, 1295, 2176, 8853, 6768, 3066, 8784, 7532, 3499, 4510, 4952, 2715, 1572, 8463, 9028, 6480, 430, 8864, 7833, 3281, 6714, 2532, 9382, 1635, 983, 2582, 5112, 9066, 6810, 5246, 1905, 6424, 5045, 8636, 2238, 6274, 4965, 6788, 1546, 9011]
NOVA1	5211.0	[1744, 3956, 6621, 7076, 8509, 5187, 1902, 3651, 7108, 1896, 5688, 6261, 1822, 8249, 645, 3206, 2641, 1076, 3574, 6306, 7801, 8931, 6289, 2365, 3643, 1248, 5041, 858, 9474, 4210, 3272, 4331, 5240, 8158, 5635, 9565, 5658, 3170, 8093, 1157, 5504, 8519, 8153, 5866, 3380, 7511, 6974, 7078, 6498, 5756, 8576, 7838, 5176, 748, 8163, 7452, 1876, 2364, 1330, 3438, 5983, 7030, 3868, 2391, 1882, 4391, 7013, 5386, 4613, 8407, 6417, 7934, 5863, 3097, 721, 6850, 3933, 8690, 5157, 5097, 4546, 3305, 7281, 4468, 6624, 1487, 2842, 2798, 5182, 5235, 2431, 3561, 5249, 3554, 6374, 5554, 7636, 5170, 7741, 8037]
CHRNB3	5416.5	[744, 2960, 3745, 7727, 5987, 1316, 9798, 5814, 6127, 1241, 9609, 2032, 9189, 9525, 4453, 680, 2304, 658, 3779, 9659, 8512, 999, 8168, 1680, 8810, 2323, 9789, 837, 3831, 1311, 4408, 760, 1508, 9457, 1298, 4870, 4877, 1799, 1252, 2978, 8153, 9414, 3636, 4169, 5592, 2106, 9748, 802, 1373, 9526, 9804, 7602, 4006, 900, 1567, 9591, 8742, 6364, 8263, 9742, 5906, 6377, 9681, 5241, 2424, 6396, 9635, 6955, 4376, 5700, 8282, 608, 9739, 2571, 2849, 9142, 1626, 897, 9459, 9277, 1034, 9753, 4447, 7477, 8962, 896, 5729, 1098, 2419, 5012, 8469, 899, 2052, 9633, 9059, 7628, 8516, 7270, 9099, 8593]
NTF3	5697.5	[6046, 6023, 7974, 4933, 5517, 6852, 4587, 7607, 2698, 3319, 4571, 2969, 3868, 5669, 5789, 6364, 2886, 4027, 5292, 6813, 4793, 1129, 4422, 7801, 8295, 5430, 7287, 6321, 8201, 7297, 6689, 4971, 5515, 4633, 4437, 4412, 8388, 1557, 7363, 1578, 5164, 4233, 4842, 5852, 3568, 6721, 4435, 1743, 6641, 6462, 3202, 4717, 5726, 1856, 7742, 4972, 6503, 4254, 1957, 1462, 3983, 6007, 5982, 8116, 6968, 5937, 5847, 3419, 7028, 7764, 7417, 4812, 5922, 5381, 7870, 5276, 8278, 4632, 5447, 7848, 6200, 8221, 8104, 4806, 3849, 3231, 2413, 4717, 4852, 9177, 6075, 5872, 8831, 8201, 7672, 5511, 6628, 8014, 6512, 7201]
AMPD2	5886.5	[4629, 3374, 5038, 8573, 7463, 7897, 8904, 6940, 3107, 3006, 3253, 5592, 7128, 7852, 8501, 4786, 8833, 5024, 4609, 5119, 4675, 8938, 3491, 3484, 4581, 3724, 7909, 7930, 6287, 6705, 6116, 6827, 5079, 7669, 4332, 7450, 7396, 2975, 6808, 3082, 3735, 3035, 6085, 5071, 8051, 7598, 5758, 8033, 3305, 4024, 5389, 5244, 8041, 8441, 2987, 5225, 2502, 8714, 8120, 5000, 8236, 7196, 8077, 6519, 3951, 6664, 5469, 6501, 4736, 9096, 2857, 2832, 1773, 7116, 8757, 6353, 3139, 8022, 8687, 6073, 3064, 4032, 7352, 5925, 3041, 4446, 7487, 7308, 3320, 7932, 4312, 3428, 7206, 7705, 3333, 2827, 7615, 5500, 8511, 5848]
GRP	5887.5	[1429, 6346, 3481, 8996, 2411, 7922, 2424, 794, 5862, 7580, 2425, 2319, 6119, 4832, 6710, 4478, 2442, 6456, 8261, 6079, 6474, 6174, 1461, 7112, 5913, 4727, 4262, 5405, 6929, 4990, 5947, 8317, 3917, 7242, 3643, 1427, 8132, 1501, 3911, 6896, 2192, 6727, 6042, 6078, 7795, 7037, 1668, 7540, 1738, 3417, 7195, 4564, 1513, 5206, 2070, 2973, 2965, 5977, 4933, 7369, 2128, 5337, 6994, 5738, 4896, 7619, 5150, 8433, 7142, 4073, 5262, 8325, 8434, 8522, 6854, 3135, 7049, 7311, 7333, 3079, 2712, 6078, 3557, 7402, 7128, 7551, 7672, 1658, 1705, 8502, 7050, 4981, 3248, 7217, 3817, 6498, 7711, 2623, 2019, 7300]
P2RY4	5967.0	[6265, 7184, 4852, 631, 5975, 9084, 9132, 1102, 1231, 9508, 2122, 9254, 7188, 7431, 9212, 1043, 1135, 740, 6911, 3137, 7054, 386, 7914, 5625, 3405, 1883, 5496, 9442, 8876, 8331, 6912, 9699, 9202, 1226, 8819, 9052, 791, 4327, 1973, 8319, 2189, 7996, 1286, 3805, 8754, 2465, 9104, 2915, 927, 8201, 5914, 6623, 7207, 3767, 7993, 8731, 3781, 2352, 760, 9651, 9613, 1955, 7779, 7185, 3632, 7837, 3235, 9379, 3559, 6553, 3675, 8389, 9350, 579, 5632, 3231, 898, 3347, 7044, 5501, 7100, 2735, 1797, 1823, 3833, 7659, 3488, 7449, 8183, 9096, 586, 5959, 7310, 8523, 3381, 8869, 7496, 2271, 5689, 7319]
PTAFR	6036.5	[636, 9297, 4594, 3237, 6150, 5127, 4086, 3742, 4107, 8928, 8460, 6889, 3010, 8927, 2792, 7823, 8277, 9390, 6995, 5175, 4381, 4899, 2116, 3605, 9517, 5251, 1720, 7126, 7204, 4489, 3598, 2201, 7877, 4672, 6995, 503, 6785, 5488, 6089, 8455, 6039, 8589, 5162, 8075, 8120, 1498, 4846, 8901, 1420, 8112, 8635, 5134, 2213, 4130, 2552, 1951, 630, 3967, 5916, 9608, 8386, 3469, 9418, 7046, 8027, 340, 9446, 9460, 6034, 9031, 2399, 3260, 1265, 8461, 4071, 8380, 8958, 7436, 7564, 7314, 6878, 1229, 1588, 9680, 4080, 3101, 4608, 9147, 298, 8608, 6110, 6719, 7128, 8780, 7256, 3399, 7404, 7189, 3331, 3529]
ZNF124	6252.0	[3738, 9464, 8867, 8592, 6176, 6820, 4936, 9448, 9690, 9759, 8649, 9683, 2677, 6018, 2511, 3352, 9273, 3826, 2280, 687, 5662, 1544, 6940, 9736, 9594, 7998, 1399, 9090, 2850, 1722, 7325, 9383, 8969, 3248, 5971, 7513, 5861, 1328, 6345, 1557, 3889, 8896, 5735, 7087, 5617, 3349, 8927, 6863, 4197, 6328, 9598, 5165, 4223, 9790, 2165, 1518, 2520, 8104, 2485, 2088, 7626, 6426, 9209, 8182, 9595, 9711, 9564, 4010, 9686, 8265, 3131, 9041, 9151, 1394, 9183, 7650, 9288, 9232, 5136, 3214, 4305, 9489, 5923, 2486, 7115, 3251, 4558, 7061, 4597, 2349, 9775, 1126, 8743, 4665, 8241, 9251, 3064, 1617, 1845, 1795]
MYO5B	6267.5	[1037, 1495, 8392, 3428, 9588, 1380, 1218, 2077, 2857, 932, 4817, 3518, 9121, 1396, 3211, 7032, 9375, 6334, 728, 2370, 9323, 6530, 8521, 4073, 7762, 3028, 4093, 3024, 8361, 2502, 8275, 7564, 7135, 7049, 7376, 9369, 1253, 7757, 9372, 499, 1097, 571, 9488, 3954, 8345, 4293, 5926, 3222, 5491, 8936, 5599, 1086, 1651, 196, 1992, 2411, 663, 696, 1117, 9423, 4540, 8391, 2860, 9743, 1622, 8045, 9273, 9645, 8532, 2824, 7117, 9196, 8362, 6486, 7619, 1016, 6636, 9300, 9544, 9694, 1020, 553, 7831, 7297, 2287, 9815, 8624, 8603, 7566, 8613, 7591, 6200, 9436, 2687, 5266, 7568, 4040, 6201, 8317, 8663]
EVI5	6485.0	[5640, 8852, 9116, 4424, 7401, 9398, 5697, 6846, 4495, 4756, 8038, 8057, 8441, 6523, 9018, 6265, 8462, 3161, 5810, 5076, 7574, 5291, 7051, 6667, 8220, 7650, 7086, 6447, 5053, 4012, 3934, 6766, 7384, 6282, 8405, 7808, 9400, 6138, 6368, 7382, 9035, 6247, 6234, 8742, 6931, 3016, 7988, 4600, 5989, 2397, 5660, 5166, 5113, 6676, 5659, 6143, 7563, 7818, 6947, 5297, 8524, 8576, 7655, 6915, 5899, 5836, 3448, 4696, 6728, 4700, 4429, 6840, 8174, 3882, 9405, 5637, 4363, 8041, 5326, 8466, 5462, 8171, 3846, 6077, 5367, 9226, 6374, 8408, 8570, 5305, 4087, 7335, 6563, 7472, 7348, 5618, 8678, 5356, 5375, 3578]
BCL7B	6534.5	[8294, 6390, 3793, 1433, 2339, 4850, 6396, 3512, 3181, 2219, 6976, 8438, 1480, 3898, 4547, 3520, 8212, 8304, 6978, 2194, 8419, 5646, 7431, 785, 1672, 3572, 7323, 6650, 8606, 9713, 4365, 1298, 8914, 7506, 8741, 9382, 3035, 9618, 7040, 2492, 1536, 9348, 4666, 4266, 8690, 9010, 9684, 7220, 3669, 8490, 8469, 2303, 8150, 9294, 6385, 8012, 9072, 8838, 2267, 7588, 3927, 6261, 8888, 6736, 6627, 6912, 1367, 5362, 9121, 8644, 3478, 6975, 5666, 9261, 8566, 2812, 8068, 6383, 8856, 6442, 4307, 7123, 3365, 758, 1886, 3840, 839, 3366, 9391, 1332, 8498, 9143, 4852, 8349, 4735, 8354, 1262, 7845, 9051, 6145]
GPR12	6906.0	[8282, 9617, 8741, 6099, 9575, 6218, 7369, 7229, 9638, 8156, 9234, 5537, 5297, 3450, 6003, 5161, 7755, 9062, 7997, 8452, 4569, 5857, 5734, 5052, 1099, 9296, 8993, 9058, 583, 6541, 6664, 2722, 3905, 3999, 7269, 8028, 9543, 6956, 2980, 8504, 7751, 1298, 8136, 9210, 9693, 9487, 9668, 7938, 385, 9579, 7877, 6242, 3954, 6856, 5461, 5951, 8665, 9486, 9686, 1280, 9488, 6731, 5576, 8903, 5049, 9601, 8326, 5695, 6155, 7175, 6026, 9285, 5678, 9582, 3878, 4315, 9220, 3982, 2930, 5320, 9588, 4299, 9390, 8082, 662, 9604, 3759, 8567, 9493, 7669, 2145, 9270, 1266, 2190, 463, 1108, 5154, 4964, 7103, 475]
RFPL3	7330.0	[330, 7955, 9281, 4351, 2319, 4521, 6696, 3068, 9502, 129, 3985, 7376, 3670, 1485, 5557, 9428, 8395, 7125, 9229, 112, 6456, 4132, 1222, 1531, 9686, 3374, 1020, 9686, 5369, 202, 8679, 9717, 1455, 9602, 8638, 9633, 6386, 156, 9733, 6431, 9044, 7284, 1440, 785, 9654, 9747, 5742, 6442, 9260, 5739, 5850, 9780, 9422, 4109, 8477, 9823, 3538, 4137, 9249, 9851, 9436, 9250, 9777, 5782, 9770, 9655, 9662, 9361, 9140, 493, 9759, 8936, 3222, 3851, 1172, 9817, 9695, 5523, 9829, 9676, 9798, 190, 9804, 5299, 6938, 9077, 3220, 9553, 1145, 9618, 8871, 1559, 9432, 4221, 3914, 9585, 7877, 9309, 2643, 9526]
MYO5A	7421.5	[3656, 7240, 6577, 5282, 6785, 8193, 4059, 9395, 7781, 5778, 4082, 6008, 9206, 9293, 7970, 8266, 4022, 8429, 2707, 8034, 7169, 6637, 7446, 8320, 8681, 7538, 9155, 6538, 5734, 4554, 6803, 7071, 8939, 4439, 9240, 9308, 9187, 9129, 8979, 8135, 7782, 5073, 4474, 7772, 8642, 8796, 4494, 3293, 3833, 8071, 8044, 7397, 7992, 7911, 7706, 6734, 5500, 6809, 6796, 8545, 8292, 8551, 6920, 6913, 7265, 9417, 8704, 8713, 8498, 7885, 8268, 6702, 7629, 9437, 5342, 7333, 7089, 3961, 8063, 8859, 5049, 3878, 5753, 9404, 9499, 8014, 8088, 3650, 6632, 7349, 5075, 5008, 9422, 5184, 7830, 8082, 3142, 6120, 5253, 5297]
TFR2	7638.5	[4633, 2373, 7785, 2129, 8195, 8997, 6601, 8671, 7720, 3833, 9244, 8856, 9538, 8782, 8909, 6887, 7695, 9297, 8811, 9261, 8081, 9038, 8234, 9305, 8156, 7176, 7773, 4615, 9424, 7223, 2488, 5824, 8726, 7752, 5985, 2919, 5744, 8905, 7072, 7937, 8934, 7638, 4369, 8079, 7807, 9277, 5203, 6386, 8753, 7544, 8191, 8723, 4823, 4471, 7568, 5946, 8955, 6557, 1995, 7639, 3192, 8345, 8451, 5490, 8715, 9324, 5052, 6413, 3455, 9265, 5491, 6274, 6728, 7264, 4485, 7884, 6053, 4862, 5396, 6289, 6900, 3892, 8633, 9115, 9554, 7423, 6058, 8303, 8378, 6064, 8498, 5308, 6023, 7364, 5927, 6345, 8329, 8845, 8948, 9249]
LRMP	7768.0	[8878, 8022, 7657, 7475, 8191, 7356, 8225, 8207, 5653, 8463, 7677, 5158, 8235, 8940, 6700, 6523, 6471, 8107, 8023, 8878, 6728, 8901, 6949, 9051, 7091, 8991, 3293, 7978, 8040, 8153, 9097, 6765, 7726, 6291, 7059, 8992, 7679, 7101, 7786, 6981, 6940, 7720, 7157, 6760, 8271, 8354, 2856, 6240, 8395, 8416, 5181, 8943, 8673, 6722, 6350, 7545, 7089, 8142, 8409, 7984, 6061, 7611, 4848, 8111, 8240, 7732, 5622, 6301, 6387, 7496, 7856, 7750, 8290, 7902, 3987, 7353, 8064, 6436, 8266, 8824, 7251, 8232, 6872, 6149, 8921, 8141, 6915, 8215, 7808, 8385, 6466, 8674, 8018, 8793, 6095, 7542, 8414, 8445, 9270, 8853]
CDH17	7878.0	[5710, 8934, 1225, 8071, 8238, 1467, 9359, 9009, 9109, 9160, 9054, 8801, 8226, 5777, 8744, 8146, 4779, 2930, 9448, 9000, 3421, 9052, 7595, 3359, 7478, 6246, 8791, 9338, 8165, 9350, 9502, 8658, 8465, 3594, 6813, 7022, 7871, 7931, 6336, 7709, 9476, 8863, 7276, 5075, 9495, 6062, 6328, 5731, 8817, 8246, 9261, 7786, 4902, 7885, 7063, 8763, 9511, 706, 9235, 6382, 7125, 3081, 2548, 6600, 9567, 9004, 6646, 7678, 7095, 7280, 5763, 6171, 9048, 553, 8205, 8716, 7819, 9637, 9609, 8847, 7447, 7469, 8816, 2894, 8295, 8253, 7131, 5131, 5037, 7223, 8555, 9426, 9193, 7087, 8359, 8761, 9271, 7292, 6873, 5521]
CD37	7991.0	[8321, 7753, 8404, 8431, 9478, 251, 9366, 1686, 9334, 1576, 9130, 9063, 8690, 7999, 4214, 9459, 571, 8986, 2722, 651, 7134, 7762, 7753, 5837, 2172, 6393, 9275, 1128, 8364, 8763, 7944, 8609, 7983, 2215, 8362, 3394, 8676, 9581, 8908, 4214, 3459, 7360, 7242, 1159, 9026, 9118, 3501, 9109, 9443, 9528, 9287, 9628, 2194, 6844, 9358, 8758, 728, 1815, 8304, 8787, 5591, 2346, 8911, 7628, 8553, 8599, 8196, 9487, 9378, 7673, 9095, 8514, 4906, 9600, 3278, 6005, 8304, 8125, 7122, 6222, 5745, 9690, 4187, 7669, 1522, 6596, 8951, 8325, 5702, 9358, 6406, 4710, 8150, 9069, 5910, 8928, 2493, 7455, 8558, 1397]
PZP	8468.0	[5934, 9172, 9862, 9651, 9721, 5465, 6530, 9762, 4304, 9858, 9799, 9793, 8663, 7230, 1824, 4588, 9739, 6596, 8747, 8367, 1162, 7401, 6075, 7016, 9064, 9791, 3536, 8203, 7913, 9117, 8506, 9822, 9069, 964, 1468, 849, 592, 9746, 1861, 8430, 7700, 9772, 9787, 7999, 1091, 2314, 9584, 9544, 9529, 5092, 7597, 8809, 1549, 2024, 9567, 9514, 252, 9562, 9818, 9320, 2294, 9275, 9251, 9799, 8218, 2827, 3152, 8817, 9789, 8744, 9392, 7523, 8158, 6970, 3310, 3657, 9328, 9391, 9756, 5698, 9632, 6500, 9518, 9155, 9447, 1842, 4768, 4281, 8777, 7209, 9787, 2371, 8726, 9487, 9047, 9828, 7975, 5230, 5537, 8892]
PARG	8853.0	[9542, 7890, 3020, 7770, 9465, 9575, 9214, 8595, 7371, 9681, 8916, 8167, 9020, 9002, 9713, 7826, 3235, 5304, 5179, 9262, 2916, 6055, 4616, 8916, 8641, 9030, 5004, 9377, 8267, 8386, 8608, 9631, 9511, 9713, 3666, 9303, 8495, 6357, 9584, 9413, 9640, 9469, 8606, 9407, 9483, 7109, 8543, 8396, 9504, 9596, 9090, 9377, 6853, 5815, 9642, 9149, 8188, 8017, 9155, 7343, 9368, 6773, 9370, 1282, 7073, 6755, 2647, 9256, 9272, 9488, 7438, 8040, 8857, 7631, 9265, 562, 9271, 8849, 8824, 4965, 9488, 3834, 8299, 9446, 8489, 9391, 8083, 9484, 7785, 8900, 9481, 7825, 9510, 9381, 9334, 9413, 9019, 8986, 8764, 3480]
