SOX10	1	+AFs-1, 1, 1, 1, 1, 1, 1, 1, 1, 1+AF0-	1
NPY1R	2	+AFs-2, 2, 2, 2, 2, 2, 2, 2, 2, 2+AF0-	1
S100A8	3	+AFs-3, 3, 3, 3, 3, 4, 3, 3, 3, 3+AF0-	1
KYNU	4	+AFs-4, 4, 4, 4, 4, 4, 4, 5, 4, 4+AF0-	1
PPP1R1A	5	+AFs-5, 3, 5, 5, 5, 5, 5, 5, 5, 5+AF0-	1
CRLF1	6	+AFs-6, 6, 6, 6, 6, 6, 6, 6, 6, 6+AF0-	1
CLIC3	7	+AFs-7, 7, 7, 7, 7, 7, 7, 7, 7, 7+AF0-	1
GPX1	13.5	+AFs-18, 38, 9, 10, 33, 9, 19, 10, 8, 17+AF0-	1
GSS	14.5	+AFs-19, 15, 21, 10, 11, 35, 15, 11, 12, 14+AF0-	1
GSR	15	+AFs-24, 10, 25, 16, 16, 9, 35, 14, 10, 9+AF0-	1
PRLR	15	+AFs-11, 37, 11, 10, 18, 12, 18, 103, 37, 11+AF0-	1
CD28	16	+AFs-9, 9, 43, 9, 9, 15, 17, 43, 49, 32+AF0-	1
PTGFR	17	+AFs-9, 13, 21, 17, 18, 13, 27, 10, 42, 17+AF0-	1
XDH	17.5	+AFs-12, 84, 39, 38, 23, 16, 18, 11, 12, 17+AF0-	1
SOD1	18	+AFs-24, 33, 19, 17, 12, 76, 13, 12, 36, 17+AF0-	1
PRL	19.5	+AFs-54, 18, 51, 18, 12, 28, 20, 97, 19, 19+AF0-	1
FOSL1	19.5	+AFs-20, 39, 8, 25, 8, 8, 25, 31, 19, 19+AF0-	1
EGR1	20	+AFs-20, 20, 18, 19, 65, 110, 12, 83, 13, 85+AF0-	1
NPEPPS	20.5	+AFs-25, 15, 16, 47, 9, 8, 86, 64, 31, 15+AF0-	1
NOX1	21	+AFs-15, 24, 17, 29, 18, 15, 24, 34, 13, 38+AF0-	1
RGS3	23	+AFs-21, 48, 21, 8, 16, 14, 41, 25, 53, 31+AF0-	1
EFNB1	23	+AFs-64, 22, 25, 20, 26, 24, 19, 19, 24, 12+AF0-	1
EPHB2	25	+AFs-13, 38, 41, 24, 17, 34, 26, 22, 54, 21+AF0-	1
TIAM1	25.5	+AFs-19, 26, 22, 60, 28, 27, 24, 25, 32, 17+AF0-	1
ERBB2	25.5	+AFs-32, 31, 15, 29, 20, 30, 55, 22, 19, 8+AF0-	1
PTPN13	28.5	+AFs-27, 27, 57, 16, 25, 50, 54, 80, 30, 22+AF0-	1
BLK	29.5	+AFs-70, 31, 28, 29, 26, 29, 31, 30, 29, 58+AF0-	1
AEBP1	31	+AFs-44, 110, 23, 43, 20, 31, 14, 31, 60, 25+AF0-	1
CRKL	33	+AFs-79, 52, 21, 16, 23, 99, 65, 41, 25, 16+AF0-	1
PAK2	34	+AFs-41, 20, 28, 23, 40, 8, 14, 43, 43, 42+AF0-	1
NCK2	35	+AFs-58, 30, 51, 18, 32, 36, 53, 34, 30, 40+AF0-	1
HCK	36	+AFs-37, 59, 35, 59, 28, 24, 45, 33, 34, 56+AF0-	1
MMP23A	36	+AFs-16, 107, 59, 59, 33, 36, 36, 28, 50, 27+AF0-	1
KEL	36	+AFs-20, 48, 84, 53, 37, 84, 27, 34, 35, 29+AF0-	1
EFNB2	37.5	+AFs-29, 75, 45, 25, 38, 23, 23, 50, 46, 37+AF0-	1
KLRC3	38	+AFs-31, 98, 38, 37, 76, 36, 34, 38, 55, 93+AF0-	1
ITGA2B	38	+AFs-39, 40, 57, 27, 37, 63, 21, 39, 13, 11+AF0-	1
APC2	38	+AFs-60, 31, 41, 41, 26, 39, 55, 28, 23, 37+AF0-	1
BCR	38	+AFs-55, 16, 76, 17, 44, 17, 61, 32, 110, 16+AF0-	1
B2M	44.5	+AFs-43, 47, 35, 37, 97, 39, 59, 46, 35, 47+AF0-	1
GGH	44.5	+AFs-52, 39, 25, 24, 52, 40, 57, 74, 49, 18+AF0-	1
CYBA	45	+AFs-26, 36, 37, 73, 23, 43, 88, 63, 108, 47+AF0-	1
NF1	45.5	+AFs-42, 53, 44, 39, 34, 61, 69, 61, 47, 40+AF0-	2
ADAM11	46	+AFs-56, 46, 85, 13, 35, 46, 56, 25, 74, 31+AF0-	1
MDH1	47.5	+AFs-50, 63, 32, 45, 72, 25, 60, 42, 11, 60+AF0-	1
ADAM23	48	+AFs-35, 66, 39, 59, 63, 56, 37, 42, 37, 54+AF0-	1
ADAM15	48	+AFs-18, 48, 48, 55, 38, 42, 67, 55, 48, 39+AF0-	1
VAV1	48	+AFs-51, 23, 51, 49, 39, 43, 58, 40, 51, 47+AF0-	2
DAZAP2	49	+AFs-93, 53, 50, 27, 49, 37, 38, 35, 60, 49+AF0-	1
HLA+AC0-A	51	+AFs-51, 51, 92, 60, 84, 41, 31, 38, 36, 88+AF0-	1
S100A13	53	+AFs-52, 38, 42, 57, 67, 31, 53, 53, 58, 56+AF0-	1
PIM2	55	+AFs-78, 78, 29, 54, 35, 36, 33, 73, 56, 64+AF0-	1
BAZ2A	55.5	+AFs-116, 23, 44, 63, 52, 107, 54, 57, 50, 69+AF0-	1
LAT	55.5	+AFs-59, 105, 44, 66, 87, 90, 40, 50, 52, 35+AF0-	1
KLRD1	55.5	+AFs-55, 40, 104, 41, 56, 97, 67, 91, 51, 40+AF0-	1
LGALS9	56	+AFs-78, 58, 54, 36, 31, 62, 87, 53, 49, 76+AF0-	1
PPT1	58	+AFs-76, 49, 45, 79, 102, 49, 50, 49, 105, 66+AF0-	1
KLRC1	58.5	+AFs-74, 39, 37, 68, 49, 39, 81, 94, 45, 88+AF0-	1
SPINT1	60.5	+AFs-33, 54, 39, 69, 62, 85, 100, 60, 52, 61+AF0-	1
ACVR1B	64.5	+AFs-70, 59, 101, 55, 146, 50, 55, 50, 102, 94+AF0-	1
ADAM9	65	+AFs-63, 66, 73, 66, 59, 64, 60, 115, 43, 97+AF0-	2
PSMB7	65.5	+AFs-19, 64, 25, 27, 79, 19, 81, 67, 92, 83+AF0-	1
SQSTM1	66.5	+AFs-45, 58, 101, 87, 58, 48, 87, 75, 77, 48+AF0-	1
PSMB3	69.5	+AFs-77, 93, 60, 63, 76, 62, 76, 76, 46, 63+AF0-	1
KLRC2	69.5	+AFs-89, 75, 34, 53, 68, 177, 49, 71, 90, 49+AF0-	1
DAP	70	+AFs-89, 75, 22, 118, 70, 63, 57, 70, 70, 75+AF0-	1
PSMA7	70.5	+AFs-11, 46, 78, 70, 71, 97, 35, 17, 74, 92+AF0-	1
PSMB5	71.5	+AFs-15, 44, 70, 44, 101, 82, 73, 28, 90, 109+AF0-	1
PSMA4	72	+AFs-76, 71, 94, 73, 95, 50, 13, 76, 22, 15+AF0-	1
PSMB2	74	+AFs-66, 100, 82, 65, 31, 100, 62, 32, 96, 103+AF0-	1
PSMA1	76	+AFs-79, 78, 63, 58, 77, 22, 101, 100, 30, 75+AF0-	1
NOTCH4	76.5	+AFs-105, 48, 97, 113, 70, 85, 56, 67, 66, 83+AF0-	1
MMP3	77	+AFs-121, 89, 72, 40, 80, 71, 62, 104, 74, 90+AF0-	3
STK11	77	+AFs-78, 88, 37, 69, 76, 124, 71, 50, 109, 78+AF0-	1
PSMB4	78.5	+AFs-82, 16, 96, 78, 79, 23, 49, 16, 99, 110+AF0-	1
PSMA3	78.5	+AFs-92, 78, 86, 25, 78, 28, 77, 81, 79, 101+AF0-	1
SLC15A2	79.5	+AFs-108, 55, 46, 55, 46, 107, 110, 104, 107, 55+AF0-	1
PSMB10	79.5	+AFs-94, 70, 51, 101, 83, 88, 83, 76, 67, 72+AF0-	1
MMP11	80	+AFs-76, 84, 100, 76, 74, 101, 76, 65, 112, 103+AF0-	3
MMP7	80.5	+AFs-110, 96, 86, 75, 55, 99, 126, 64, 44, 73+AF0-	3
PSMA5	80.5	+AFs-80, 20, 114, 49, 38, 100, 124, 100, 80, 81+AF0-	1
PSMB1	81	+AFs-78, 84, 16, 69, 92, 87, 69, 56, 84, 84+AF0-	1
ADAM12	82	+AFs-91, 65, 68, 90, 69, 116, 61, 74, 91, 98+AF0-	2
CXCR4	82	+AFs-94, 70, 79, 96, 84, 114, 102, 66, 80, 80+AF0-	2
APC	84.5	+AFs-118, 98, 84, 52, 84, 113, 85, 118, 83, 70+AF0-	1
PSMA2	85.5	+AFs-82, 87, 25, 85, 117, 20, 120, 86, 76, 101+AF0-	1
IRAK2	86	+AFs-75, 67, 108, 119, 54, 100, 48, 95, 77, 101+AF0-	1
LTK	87	+AFs-102, 47, 38, 111, 81, 97, 64, 97, 93, 79+AF0-	1
CTGF	87	+AFs-91, 35, 109, 67, 89, 107, 59, 85, 101, 74+AF0-	1
KLRC4	87	+AFs-47, 50, 102, 86, 49, 98, 80, 88, 102, 97+AF0-	1
BAP1	87.5	+AFs-106, 88, 87, 97, 85, 88, 79, 98, 48, 52+AF0-	1
SLC5A5	88	+AFs-62, 48, 89, 87, 48, 108, 102, 79, 110, 114+AF0-	1
CPB2	89.5	+AFs-116, 77, 76, 91, 88, 82, 73, 148, 187, 91+AF0-	2
MMP14	91.5	+AFs-132, 93, 59, 196, 115, 95, 42, 58, 81, 90+AF0-	2
MMP1	91.5	+AFs-103, 115, 79, 72, 130, 122, 57, 122, 79, 80+AF0-	3
CRYAB	93	+AFs-47, 106, 36, 71, 115, 93, 92, 100, 93, 100+AF0-	1
TIMP1	94	+AFs-69, 94, 95, 125, 100, 96, 82, 94, 92, 62+AF0-	2
MMP12	94	+AFs-97, 78, 60, 167, 91, 106, 74, 99, 91, 111+AF0-	2
ADAM10	95	+AFs-106, 99, 72, 51, 98, 115, 87, 85, 98, 92+AF0-	2
ANGPT2	96	+AFs-78, 108, 35, 111, 93, 104, 62, 99, 29, 149+AF0-	1
MMP13	96.5	+AFs-93, 61, 120, 105, 107, 90, 97, 96, 88, 125+AF0-	3
ERBB3	97.5	+AFs-98, 100, 90, 84, 97, 126, 104, 37, 129, 43+AF0-	1
GRIP1	99	+AFs-87, 75, 134, 30, 120, 53, 74, 138, 111, 138+AF0-	1
MMP10	100	+AFs-124, 87, 124, 92, 118, 101, 66, 121, 99, 62+AF0-	3
HSPA1A	100	+AFs-72, 107, 96, 107, 69, 91, 113, 104, 132, 94+AF0-	1
AGA	100.5	+AFs-21, 90, 111, 126, 89, 120, 89, 89, 117, 113+AF0-	1
HSPA1B	102.5	+AFs-72, 118, 111, 87, 87, 98, 107, 108, 122, 92+AF0-	1
ESR1	106.5	+AFs-67, 109, 174, 146, 88, 97, 81, 118, 120, 104+AF0-	1
FGB	108.5	+AFs-105, 139, 140, 90, 116, 111, 78, 189, 105, 106+AF0-	5
CHIT1	109	+AFs-67, 112, 114, 106, 99, 93, 199, 147, 89, 124+AF0-	2
CEBPB	114	+AFs-115, 115, 75, 97, 125, 102, 157, 105, 113, 139+AF0-	2
LTA4H	114	+AFs-235, 45, 85, 114, 170, 114, 132, 101, 135, 109+AF0-	1
PTGS2	114	+AFs-85, 120, 108, 114, 114, 92, 148, 167, 125, 108+AF0-	2
ERBB4	115	+AFs-119, 125, 85, 90, 68, 136, 119, 119, 110, 111+AF0-	1
TIMP2	116	+AFs-133, 112, 184, 80, 116, 117, 108, 112, 191, 116+AF0-	1
ACE	119.5	+AFs-153, 122, 133, 114, 119, 119, 124, 120, 101, 119+AF0-	2
PTGIS	121	+AFs-120, 141, 181, 126, 122, 120, 120, 105, 126, 110+AF0-	1
PLA2G10	121.5	+AFs-130, 96, 83, 86, 105, 163, 203, 129, 177, 114+AF0-	1
PTGDS	123	+AFs-137, 136, 106, 177, 120, 125, 256, 104, 121, 96+AF0-	1
ALOX5	123.5	+AFs-105, 123, 104, 219, 85, 124, 135, 176, 215, 99+AF0-	1
GDF9	128.5	+AFs-212, 143, 234, 128, 125, 129, 121, 115, 119, 159+AF0-	1
EBP	131	+AFs-197, 117, 201, 109, 196, 105, 181, 103, 138, 124+AF0-	2
CBR3	131.5	+AFs-116, 134, 105, 134, 129, 91, 137, 220, 134, 129+AF0-	1
ALOX15B	133.5	+AFs-134, 191, 133, 93, 115, 251, 210, 121, 251, 103+AF0-	1
PEPD	134	+AFs-183, 50, 181, 106, 55, 184, 154, 114, 189, 104+AF0-	2
FGG	134.5	+AFs-208, 96, 114, 196, 141, 176, 116, 120, 142, 128+AF0-	4
TNFAIP6	136.5	+AFs-77, 150, 153, 122, 185, 123, 185, 215, 114, 120+AF0-	1
ALOX15	138	+AFs-131, 207, 108, 169, 208, 103, 129, 121, 145, 178+AF0-	1
LMO4	138.5	+AFs-114, 131, 121, 162, 147, 131, 183, 133, 144, 209+AF0-	1
VIP	139	+AFs-148, 206, 215, 133, 145, 121, 131, 102, 202, 132+AF0-	1
MMP15	139.5	+AFs-143, 117, 87, 205, 145, 132, 189, 145, 109, 136+AF0-	1
PTX3	140.5	+AFs-144, 132, 121, 183, 135, 122, 137, 173, 164, 195+AF0-	1
AMBP	140.5	+AFs-135, 119, 119, 146, 192, 112, 187, 209, 209, 119+AF0-	1
RPL31	141	+AFs-185, 138, 142, 140, 131, 202, 165, 125, 138, 185+AF0-	1
RPL38	142	+AFs-128, 137, 125, 414, 141, 213, 146, 141, 422, 143+AF0-	1
BMPR1B	143.5	+AFs-125, 165, 136, 163, 222, 140, 143, 131, 144, 192+AF0-	1
TFPI	145	+AFs-125, 129, 216, 145, 166, 145, 175, 125, 178, 117+AF0-	1
RPL10	148.5	+AFs-395, 166, 156, 166, 141, 134, 127, 134, 387, 141+AF0-	1
CBR1	148.5	+AFs-121, 194, 205, 230, 79, 106, 152, 145, 158, 102+AF0-	1
BMP15	148.5	+AFs-118, 148, 181, 112, 156, 149, 149, 103, 227, 140+AF0-	1
SLC6A2	150	+AFs-215, 144, 97, 156, 128, 184, 143, 185, 113, 185+AF0-	2
RB1	150	+AFs-164, 199, 121, 136, 127, 183, 194, 121, 116, 351+AF0-	3
RPS27	152.5	+AFs-149, 439, 145, 167, 156, 167, 160, 139, 145, 128+AF0-	1
F3	153	+AFs-107, 188, 112, 129, 204, 87, 112, 195, 177, 225+AF0-	1
RPL19	154	+AFs-139, 157, 146, 154, 170, 396, 154, 158, 149, 153+AF0-	1
EREG	155.5	+AFs-114, 213, 127, 147, 192, 158, 186, 172, 133, 153+AF0-	1
PTGER2	155.5	+AFs-139, 111, 225, 188, 126, 197, 221, 130, 172, 138+AF0-	1
TGM2	156.5	+AFs-204, 178, 248, 180, 91, 83, 137, 135, 126, 176+AF0-	1
RPL12	158	+AFs-424, 155, 184, 159, 491, 144, 185, 157, 144, 157+AF0-	1
UBA52	158.5	+AFs-397, 455, 151, 147, 145, 161, 175, 413, 156, 147+AF0-	1
RPL32	159	+AFs-171, 161, 173, 396, 157, 138, 133, 120, 143, 161+AF0-	1
RPS20	159	+AFs-144, 430, 144, 148, 170, 164, 124, 154, 408, 171+AF0-	1
SLC24A1	159.5	+AFs-193, 203, 127, 182, 110, 124, 137, 109, 186, 184+AF0-	2
RPS14	161.5	+AFs-181, 137, 139, 172, 135, 430, 140, 421, 151, 408+AF0-	1
RPS13	162.5	+AFs-189, 158, 431, 135, 121, 146, 431, 140, 167, 169+AF0-	1
RPS12	162.5	+AFs-128, 420, 172, 214, 160, 165, 142, 126, 125, 173+AF0-	1
RPL21	162.5	+AFs-455, 148, 169, 148, 156, 177, 438, 148, 419, 148+AF0-	1
SLC16A7	165	+AFs-197, 102, 263, 95, 208, 133, 94, 122, 204, 221+AF0-	2
RPS18	165.5	+AFs-159, 189, 152, 167, 164, 177, 154, 457, 190, 149+AF0-	1
RPL23A	166	+AFs-157, 180, 151, 180, 490, 132, 159, 173, 153, 459+AF0-	1
DPEP1	167	+AFs-136, 80, 161, 173, 102, 132, 190, 256, 212, 287+AF0-	1
IGF1	169	+AFs-137, 178, 173, 172, 136, 166, 186, 141, 117, 222+AF0-	4
GGT1	169	+AFs-212, 110, 291, 187, 110, 178, 177, 161, 96, 110+AF0-	1
RPS6	170	+AFs-173, 149, 177, 413, 157, 171, 167, 177, 153, 169+AF0-	1
EEF1G	170	+AFs-178, 155, 139, 186, 183, 162, 472, 150, 151, 472+AF0-	1
RPS3A	170	+AFs-447, 137, 462, 160, 163, 177, 208, 161, 156, 180+AF0-	1
RPS4X	170.5	+AFs-166, 175, 160, 187, 187, 179, 139, 143, 161, 424+AF0-	1
GAS7	171.5	+AFs-194, 127, 124, 205, 144, 145, 200, 219, 230, 149+AF0-	1
F7	171.5	+AFs-134, 220, 132, 140, 183, 118, 160, 277, 219, 207+AF0-	1
RPL41	171.5	+AFs-166, 167, 173, 163, 174, 170, 170, 178, 197, 193+AF0-	1
TBXAS1	172	+AFs-116, 103, 105, 174, 252, 176, 170, 192, 188, 158+AF0-	1
STK10	173.5	+AFs-158, 150, 118, 193, 189, 214, 135, 195, 199, 135+AF0-	1
EEF1A1	174	+AFs-132, 433, 183, 170, 166, 183, 187, 178, 153, 160+AF0-	1
PLA2G2A	175.5	+AFs-203, 170, 262, 121, 215, 168, 131, 181, 130, 223+AF0-	1
EGFR	177	+AFs-154, 243, 154, 209, 229, 145, 204, 120, 166, 188+AF0-	3
RPS23	177	+AFs-176, 185, 193, 178, 201, 171, 186, 146, 152, 176+AF0-	1
RPL27	177.5	+AFs-147, 161, 162, 180, 151, 200, 191, 175, 186, 383+AF0-	1
F2R	178.5	+AFs-113, 139, 135, 208, 178, 129, 184, 179, 232, 208+AF0-	2
RPL37A	180	+AFs-186, 154, 430, 192, 161, 174, 193, 191, 160, 166+AF0-	1
AREG	182.5	+AFs-139, 126, 193, 187, 182, 141, 242, 247, 183, 138+AF0-	1
RPS10	182.5	+AFs-179, 156, 186, 229, 187, 468, 178, 156, 163, 213+AF0-	1
TPT1	182.5	+AFs-178, 203, 163, 215, 211, 187, 167, 173, 170, 196+AF0-	1
SLC6A1	183	+AFs-168, 282, 148, 325, 219, 182, 137, 184, 226, 149+AF0-	3
RPLP1	183.5	+AFs-180, 152, 445, 152, 226, 456, 459, 140, 187, 152+AF0-	1
RPL23	183.5	+AFs-176, 173, 170, 201, 172, 455, 191, 201, 201, 168+AF0-	1
RPL37	184.5	+AFs-449, 430, 180, 178, 162, 162, 462, 189, 160, 434+AF0-	1
RPL30	187.5	+AFs-163, 171, 210, 193, 183, 192, 196, 412, 161, 165+AF0-	1
FGA	188	+AFs-153, 209, 197, 113, 193, 209, 189, 182, 103, 187+AF0-	4
RPL9	190.5	+AFs-175, 190, 197, 190, 191, 181, 181, 191, 472, 438+AF0-	1
CARM1	193.5	+AFs-183, 204, 176, 156, 134, 210, 205, 142, 227, 231+AF0-	2
RPL39	194.5	+AFs-187, 180, 211, 174, 174, 455, 495, 153, 202, 445+AF0-	1
SLC6A11	196	+AFs-135, 206, 196, 206, 196, 134, 196, 212, 103, 131+AF0-	2
RPL13A	196	+AFs-415, 196, 460, 199, 165, 165, 196, 140, 234, 145+AF0-	1
RPL27A	196	+AFs-187, 169, 178, 175, 367, 197, 213, 460, 195, 197+AF0-	1
PFKFB2	199.5	+AFs-194, 319, 194, 234, 205, 186, 140, 264, 194, 238+AF0-	1
RPS17	200	+AFs-200, 478, 200, 169, 446, 200, 169, 157, 198, 215+AF0-	1
F13A1	201	+AFs-136, 159, 185, 291, 201, 227, 201, 243, 216, 153+AF0-	2
F5	202.5	+AFs-281, 313, 180, 192, 151, 178, 223, 268, 213, 150+AF0-	2
LAMP2	205.5	+AFs-219, 135, 250, 132, 173, 211, 243, 200, 211, 200+AF0-	1
RPS24	205.5	+AFs-462, 387, 167, 214, 143, 433, 197, 164, 184, 453+AF0-	1
ETS1	206.5	+AFs-208, 251, 205, 191, 191, 239, 225, 123, 139, 288+AF0-	2
IFITM1	207.5	+AFs-249, 193, 223, 142, 222, 227, 148, 127, 188, 241+AF0-	1
PDE5A	208.5	+AFs-154, 236, 228, 271, 178, 198, 280, 201, 178, 216+AF0-	1
ICAM3	210	+AFs-199, 179, 210, 483, 210, 219, 228, 215, 140, 141+AF0-	1
CBL	210	+AFs-194, 211, 199, 195, 304, 208, 209, 239, 262, 333+AF0-	1
TNFSF8	211	+AFs-151, 161, 207, 234, 207, 251, 282, 212, 276, 210+AF0-	1
ANXA1	211.5	+AFs-206, 645, 248, 222, 217, 217, 152, 131, 137, 134+AF0-	1
F10	213.5	+AFs-212, 222, 191, 319, 243, 317, 129, 127, 215, 206+AF0-	2
ITGA6	214	+AFs-206, 147, 221, 175, 230, 215, 213, 218, 212, 231+AF0-	1
DNM1	214.5	+AFs-241, 139, 211, 239, 211, 263, 138, 241, 202, 218+AF0-	3
F2	216	+AFs-242, 220, 215, 237, 217, 190, 211, 208, 213, 248+AF0-	4
CD53	216	+AFs-185, 703, 144, 210, 170, 224, 213, 630, 239, 219+AF0-	1
SERPINB2	216.5	+AFs-182, 197, 221, 231, 225, 212, 242, 209, 159, 235+AF0-	2
FCGR3A	217.5	+AFs-204, 255, 204, 244, 196, 220, 215, 260, 262, 179+AF0-	1
HDAC1	217.5	+AFs-228, 218, 206, 200, 218, 126, 222, 217, 497, 139+AF0-	1
ITGB3	219	+AFs-268, 205, 282, 190, 205, 187, 226, 244, 257, 212+AF0-	2
PLAT	222	+AFs-150, 213, 212, 247, 237, 193, 241, 231, 190, 244+AF0-	2
EGF	222.5	+AFs-273, 270, 190, 314, 221, 218, 270, 128, 218, 224+AF0-	1
AP1G2	224	+AFs-202, 141, 225, 334, 168, 224, 231, 150, 224, 225+AF0-	1
BIRC2	224.5	+AFs-273, 228, 217, 224, 613, 214, 225, 185, 263, 211+AF0-	2
PROC	227.5	+AFs-251, 220, 123, 273, 166, 252, 124, 220, 235, 245+AF0-	2
MYH9	228.5	+AFs-485, 230, 584, 158, 195, 238, 194, 135, 228, 229+AF0-	1
SLC16A2	230	+AFs-178, 271, 216, 223, 286, 237, 286, 236, 200, 224+AF0-	3
PROS1	230	+AFs-231, 119, 126, 302, 209, 229, 302, 215, 241, 253+AF0-	2
CD2	234	+AFs-223, 274, 243, 225, 257, 216, 225, 219, 316, 342+AF0-	1
SERPINE1	234.5	+AFs-206, 251, 167, 205, 231, 238, 254, 212, 294, 258+AF0-	2
SLC16A3	235	+AFs-254, 216, 198, 151, 257, 160, 261, 263, 255, 180+AF0-	1
BRCA1	235	+AFs-277, 274, 257, 229, 240, 193, 225, 221, 235, 235+AF0-	1
SLC10A2	235.5	+AFs-311, 181, 188, 230, 289, 259, 281, 191, 241, 181+AF0-	3
TNFSF10	236.5	+AFs-273, 229, 228, 192, 242, 242, 238, 242, 235, 196+AF0-	2
IER3	237.5	+AFs-264, 745, 209, 234, 192, 225, 272, 241, 234, 277+AF0-	1
IGF1R	237.5	+AFs-236, 238, 237, 251, 247, 249, 226, 213, 257, 190+AF0-	3
SON	238	+AFs-238, 246, 245, 253, 238, 180, 234, 231, 260, 238+AF0-	1
NDUFB5	238.5	+AFs-198, 229, 452, 344, 343, 149, 248, 411, 130, 196+AF0-	1
BNIP3	240	+AFs-215, 253, 204, 240, 261, 231, 240, 318, 240, 214+AF0-	1
PLAU	240	+AFs-241, 241, 241, 231, 239, 233, 218, 266, 227, 243+AF0-	2
CSF2RA	240.5	+AFs-188, 229, 203, 275, 265, 234, 251, 373, 247, 214+AF0-	1
NRG2	244	+AFs-309, 236, 259, 669, 241, 218, 228, 247, 277, 220+AF0-	1
SERPINC1	245	+AFs-343, 242, 212, 247, 158, 252, 244, 200, 247, 246+AF0-	2
SPN	245.5	+AFs-273, 234, 279, 278, 203, 186, 166, 246, 245, 280+AF0-	1
SEMA4D	247	+AFs-245, 249, 227, 262, 229, 139, 284, 153, 354, 282+AF0-	1
MMP9	247.5	+AFs-267, 228, 200, 215, 264, 245, 250, 204, 264, 269+AF0-	4
SLC6A3	247.5	+AFs-326, 231, 203, 292, 289, 283, 263, 116, 232, 197+AF0-	3
DAP3	249	+AFs-240, 237, 316, 231, 243, 241, 307, 489, 299, 255+AF0-	1
MYBL2	249	+AFs-227, 283, 242, 311, 230, 249, 249, 170, 250, 632+AF0-	1
TNFRSF8	251	+AFs-329, 286, 200, 279, 262, 252, 250, 206, 137, 243+AF0-	1
INPPL1	254	+AFs-249, 230, 248, 242, 258, 290, 250, 282, 326, 264+AF0-	1
FOLR3	254.5	+AFs-216, 255, 234, 205, 338, 400, 270, 198, 254, 261+AF0-	1
MMP2	254.5	+AFs-279, 275, 221, 282, 254, 246, 246, 282, 198, 255+AF0-	4
SMPD1	255	+AFs-280, 292, 253, 257, 238, 263, 268, 253, 232, 229+AF0-	1
SLC15A1	255	+AFs-226, 212, 268, 318, 253, 305, 278, 230, 257, 220+AF0-	3
PAK1	255.5	+AFs-262, 186, 238, 287, 313, 286, 262, 249, 223, 209+AF0-	3
CLU	256	+AFs-280, 225, 274, 236, 283, 236, 218, 280, 238, 310+AF0-	1
SLC12A1	256.5	+AFs-239, 303, 302, 293, 198, 134, 235, 205, 274, 315+AF0-	3
SLC20A1	258	+AFs-253, 346, 282, 264, 256, 260, 144, 240, 264, 188+AF0-	1
CDK3	259	+AFs-261, 294, 220, 263, 255, 239, 307, 265, 257, 226+AF0-	1
SLC17A2	259.5	+AFs-235, 277, 199, 290, 164, 211, 290, 283, 242, 280+AF0-	3
CSF1	259.5	+AFs-249, 243, 260, 285, 332, 259, 259, 294, 379, 239+AF0-	2
F13B	260	+AFs-262, 283, 258, 285, 199, 517, 232, 351, 160, 255+AF0-	1
CD14	261.5	+AFs-405, 254, 227, 247, 269, 269, 252, 180, 363, 311+AF0-	1
PF4	262.5	+AFs-229, 360, 350, 261, 224, 282, 127, 298, 264, 144+AF0-	1
GAB2	264	+AFs-290, 271, 251, 284, 263, 223, 281, 265, 208, 242+AF0-	1
CFLAR	265	+AFs-263, 267, 343, 234, 257, 280, 241, 214, 304, 307+AF0-	2
NDUFS8	269.5	+AFs-172, 279, 311, 397, 450, 188, 180, 107, 260, 378+AF0-	1
RXRA	272	+AFs-145, 148, 316, 277, 313, 267, 283, 170, 198, 367+AF0-	1
F9	272	+AFs-269, 294, 280, 266, 283, 272, 272, 329, 256, 266+AF0-	1
NCOA3	273	+AFs-323, 277, 260, 273, 240, 273, 215, 291, 291, 252+AF0-	1
SLC10A1	273	+AFs-273, 169, 337, 196, 320, 283, 273, 298, 231, 222+AF0-	3
PIK3CD	273	+AFs-301, 285, 296, 250, 248, 261, 329, 239, 221, 302+AF0-	2
TNFRSF10D	273	+AFs-259, 265, 247, 247, 293, 349, 320, 264, 281, 292+AF0-	1
THBD	274	+AFs-216, 255, 488, 244, 264, 283, 331, 265, 411, 324+AF0-	1
CSF2	275	+AFs-262, 275, 275, 275, 621, 336, 275, 234, 241, 275+AF0-	2
CHRNB1	275.5	+AFs-334, 301, 283, 268, 185, 268, 301, 332, 235, 245+AF0-	2
HSPB1	276	+AFs-263, 280, 276, 209, 313, 276, 281, 268, 253, 281+AF0-	3
KITLG	277	+AFs-252, 286, 262, 259, 277, 218, 277, 369, 396, 313+AF0-	1
SLC16A4	277	+AFs-275, 150, 259, 304, 315, 279, 375, 321, 206, 275+AF0-	3
P2RX4	277.5	+AFs-282, 272, 341, 273, 263, 295, 248, 326, 269, 364+AF0-	2
EPHB1	278	+AFs-259, 287, 296, 281, 293, 247, 288, 275, 214, 257+AF0-	2
TNFRSF10A	278.5	+AFs-257, 279, 302, 442, 250, 267, 278, 283, 248, 440+AF0-	1
PIK3CB	278.5	+AFs-245, 240, 297, 250, 273, 274, 326, 297, 283, 315+AF0-	2
PF4V1	281.5	+AFs-247, 117, 251, 285, 341, 278, 488, 285, 324, 231+AF0-	1
TRAF1	282	+AFs-247, 282, 334, 387, 327, 270, 245, 238, 282, 302+AF0-	2
P2RX3	284	+AFs-284, 251, 300, 250, 284, 251, 334, 243, 512, 284+AF0-	2
F11	284	+AFs-296, 267, 262, 278, 333, 290, 268, 323, 303, 268+AF0-	1
APP	284.5	+AFs-268, 283, 329, 286, 368, 253, 271, 283, 289, 369+AF0-	1
RARA	286	+AFs-333, 285, 333, 293, 220, 296, 287, 272, 217, 205+AF0-	1
PLG	287	+AFs-300, 276, 300, 298, 262, 479, 246, 305, 276, 265+AF0-	3
EPOR	288	+AFs-233, 344, 390, 344, 268, 308, 201, 221, 220, 390+AF0-	1
FOLR1	289.5	+AFs-321, 291, 210, 258, 288, 327, 293, 585, 216, 230+AF0-	1
CD8A	290.5	+AFs-290, 397, 277, 290, 256, 291, 350, 277, 306, 297+AF0-	1
BMP1	293	+AFs-260, 268, 332, 308, 319, 261, 297, 294, 269, 292+AF0-	3
TGFBI	296	+AFs-337, 300, 306, 284, 292, 316, 275, 286, 281, 337+AF0-	2
CD4	296	+AFs-267, 378, 364, 409, 281, 281, 292, 296, 296, 406+AF0-	1
CHRNA7	298	+AFs-311, 247, 316, 299, 458, 347, 247, 278, 297, 276+AF0-	2
FCER1G	298	+AFs-297, 318, 240, 358, 265, 299, 323, 287, 318, 291+AF0-	1
TNFRSF10B	299	+AFs-302, 385, 263, 233, 246, 239, 340, 296, 304, 313+AF0-	1
SLC16A8	299	+AFs-425, 241, 297, 255, 312, 371, 266, 301, 407, 212+AF0-	2
GP5	300	+AFs-361, 264, 355, 385, 283, 261, 366, 198, 302, 298+AF0-	1
POLR2A	300.5	+AFs-394, 188, 495, 207, 169, 502, 159, 152, 394, 409+AF0-	1
P2RX1	301	+AFs-250, 236, 380, 298, 291, 298, 305, 516, 304, 407+AF0-	1
PMAIP1	304.5	+AFs-292, 348, 373, 367, 322, 288, 277, 317, 268, 261+AF0-	2
EPO	305	+AFs-274, 454, 306, 313, 433, 304, 255, 337, 264, 298+AF0-	2
SRF	306.5	+AFs-324, 281, 369, 240, 255, 304, 266, 354, 342, 309+AF0-	4
IL9	307	+AFs-322, 450, 290, 299, 315, 450, 353, 264, 276, 255+AF0-	1
TNFRSF10C	308	+AFs-291, 219, 368, 308, 452, 282, 324, 315, 265, 308+AF0-	1
CALU	309	+AFs-242, 443, 305, 443, 313, 248, 190, 323, 224, 443+AF0-	1
RPS2	311.5	+AFs-184, 193, 185, 147, 470, 461, 451, 167, 430, 459+AF0-	1
SFN	313	+AFs-327, 428, 499, 271, 267, 280, 318, 262, 364, 308+AF0-	1
NDUFS6	313.5	+AFs-273, 579, 299, 372, 139, 145, 437, 231, 328, 400+AF0-	1
PIK3CA	314.5	+AFs-324, 305, 301, 336, 322, 317, 309, 312, 322, 296+AF0-	15
CTSD	315	+AFs-246, 388, 442, 260, 222, 313, 317, 280, 336, 345+AF0-	1
OAT	316	+AFs-446, 189, 307, 325, 365, 256, 349, 279, 406, 251+AF0-	1
YWHAZ	316.5	+AFs-384, 313, 228, 320, 384, 288, 426, 336, 283, 272+AF0-	1
NPR1	318.5	+AFs-351, 404, 298, 331, 300, 358, 247, 283, 556, 306+AF0-	2
SUCLA2	319.5	+AFs-168, 300, 321, 318, 381, 689, 135, 307, 336, 359+AF0-	2
OGDH	319.5	+AFs-370, 372, 314, 309, 351, 94, 325, 136, 309, 349+AF0-	2
PIK3R1	320.5	+AFs-328, 311, 321, 320, 305, 341, 324, 315, 328, 310+AF0-	17
P2RX7	323	+AFs-280, 336, 282, 289, 284, 532, 341, 381, 394, 310+AF0-	1
GUCY2C	325.5	+AFs-301, 352, 266, 255, 414, 324, 322, 387, 551, 327+AF0-	2
GUCY1A2	326.5	+AFs-292, 257, 332, 278, 351, 321, 305, 351, 403, 355+AF0-	2
TJP2	327	+AFs-328, 268, 262, 398, 324, 328, 326, 314, 369, 427+AF0-	1
PGAM1	328.5	+AFs-308, 346, 336, 321, 280, 445, 258, 346, 386, 236+AF0-	1
IL3	329	+AFs-302, 325, 350, 295, 286, 482, 330, 328, 388, 334+AF0-	4
ACO2	330.5	+AFs-521, 354, 286, 130, 284, 307, 150, 441, 613, 383+AF0-	2
TH	331	+AFs-269, 320, 451, 328, 442, 383, 281, 314, 353, 334+AF0-	1
IL11	332.5	+AFs-286, 433, 278, 408, 269, 308, 356, 411, 311, 354+AF0-	1
RASA1	332.5	+AFs-334, 390, 302, 292, 311, 342, 331, 381, 292, 445+AF0-	2
UQCRB	333.5	+AFs-242, 323, 445, 495, 471, 344, 144, 296, 269, 445+AF0-	1
BAD	335	+AFs-387, 335, 358, 384, 214, 324, 335, 277, 343, 329+AF0-	4
GUCY1B3	337	+AFs-327, 321, 508, 287, 429, 367, 287, 461, 265, 347+AF0-	2
AKR1B1	338.5	+AFs-319, 402, 329, 223, 402, 313, 415, 354, 348, 290+AF0-	1
GP1BB	340	+AFs-332, 378, 355, 355, 339, 263, 388, 333, 341, 311+AF0-	1
DUSP1	340	+AFs-271, 465, 479, 343, 337, 327, 353, 371, 266, 266+AF0-	2
TIAF1	340	+AFs-300, 328, 276, 387, 429, 352, 276, 308, 505, 398+AF0-	1
HRAS	340.5	+AFs-344, 351, 298, 328, 353, 354, 347, 310, 337, 327+AF0-	10
YWHAB	341	+AFs-326, 571, 270, 439, 382, 356, 499, 277, 277, 241+AF0-	1
NDUFS5	341.5	+AFs-438, 563, 261, 281, 380, 195, 412, 521, 134, 303+AF0-	1
PIK3CG	342	+AFs-350, 352, 321, 334, 321, 329, 369, 352, 383, 314+AF0-	7
MAP2K1	342.5	+AFs-339, 348, 308, 346, 347, 328, 350, 308, 333, 347+AF0-	11
IDH2	343	+AFs-377, 310, 384, 314, 393, 310, 310, 130, 440, 372+AF0-	2
NDUFV1	344.5	+AFs-381, 344, 362, 248, 291, 190, 439, 327, 441, 345+AF0-	1
YWHAE	345	+AFs-337, 568, 589, 171, 388, 349, 291, 301, 341, 521+AF0-	1
PIK3R2	345	+AFs-423, 360, 338, 360, 332, 326, 431, 352, 317, 326+AF0-	4
RAF1	346.5	+AFs-298, 292, 404, 347, 331, 346, 368, 365, 389, 323+AF0-	10
GTF2F2	347	+AFs-422, 206, 460, 487, 444, 162, 272, 503, 157, 186+AF0-	1
BIRC5	348	+AFs-349, 404, 310, 355, 354, 301, 378, 316, 319, 347+AF0-	3
MGST3	348.5	+AFs-291, 314, 303, 351, 371, 401, 416, 323, 367, 346+AF0-	2
DIO1	349	+AFs-339, 397, 375, 504, 404, 343, 350, 338, 348, 338+AF0-	2
ADCY8	349	+AFs-296, 348, 354, 383, 444, 299, 350, 402, 329, 345+AF0-	2
GP9	349	+AFs-391, 371, 428, 218, 472, 359, 327, 337, 339, 257+AF0-	1
IL3RA	349.5	+AFs-360, 342, 361, 325, 356, 357, 340, 262, 343, 365+AF0-	3
ELK4	350	+AFs-362, 311, 283, 494, 335, 374, 353, 473, 324, 347+AF0-	2
FH	350.5	+AFs-155, 404, 356, 124, 322, 367, 310, 634, 416, 345+AF0-	2
EMP1	351.5	+AFs-416, 357, 325, 395, 279, 305, 395, 364, 346, 326+AF0-	1
CDC25B	353	+AFs-352, 428, 354, 183, 321, 260, 452, 361, 303, 361+AF0-	1
NDUFB3	353	+AFs-299, 338, 275, 397, 343, 363, 266, 425, 363, 363+AF0-	1
CDKN1B	355	+AFs-402, 359, 346, 351, 308, 426, 350, 296, 450, 484+AF0-	2
VWF	356	+AFs-367, 442, 270, 396, 356, 297, 356, 356, 334, 450+AF0-	1
YWHAQ	356	+AFs-253, 173, 349, 462, 454, 469, 591, 285, 333, 363+AF0-	1
IRS1	356.5	+AFs-343, 376, 417, 340, 337, 384, 362, 318, 351, 512+AF0-	4
STAT1	357	+AFs-352, 365, 327, 362, 311, 388, 378, 431, 294, 331+AF0-	3
MAP2K4	357	+AFs-375, 353, 357, 357, 372, 314, 415, 320, 400, 343+AF0-	5
NPR2	357.5	+AFs-295, 396, 383, 332, 295, 303, 394, 280, 398, 448+AF0-	2
GUCY2D	358.5	+AFs-328, 368, 349, 347, 408, 269, 268, 539, 423, 442+AF0-	2
TGFBR3	359	+AFs-285, 337, 269, 323, 356, 417, 383, 403, 381, 362+AF0-	1
NDUFS4	360	+AFs-292, 597, 274, 363, 440, 265, 359, 391, 163, 361+AF0-	1
CAV2	365.5	+AFs-365, 341, 413, 470, 366, 412, 421, 314, 323, 335+AF0-	1
CD80	366	+AFs-256, 498, 226, 471, 377, 182, 437, 265, 355, 443+AF0-	2
CS	367	+AFs-409, 655, 122, 435, 308, 435, 288, 360, 298, 374+AF0-	2
GP1BA	369	+AFs-405, 369, 338, 369, 357, 405, 369, 357, 422, 279+AF0-	1
SOS1	369	+AFs-361, 383, 380, 383, 356, 376, 330, 327, 375, 363+AF0-	11
IL6R	370	+AFs-418, 377, 382, 368, 372, 362, 294, 382, 300, 351+AF0-	4
YWHAH	371	+AFs-307, 376, 366, 385, 326, 424, 335, 436, 466, 312+AF0-	3
BCL2L11	371.5	+AFs-386, 410, 503, 348, 357, 321, 349, 605, 340, 579+AF0-	2
PRKAR1A	372	+AFs-426, 366, 379, 386, 371, 344, 371, 364, 374, 373+AF0-	4
FCER1A	372	+AFs-372, 497, 502, 306, 372, 520, 449, 366, 372, 372+AF0-	1
MAPKAPK3	373	+AFs-357, 258, 438, 492, 342, 276, 323, 389, 452, 416+AF0-	1
POLR2J	373.5	+AFs-411, 176, 336, 425, 505, 193, 205, 427, 427, 163+AF0-	1
GTF2F1	375	+AFs-429, 136, 384, 174, 366, 329, 493, 361, 500, 423+AF0-	1
GPM6B	375	+AFs-352, 378, 417, 361, 443, 431, 372, 414, 367, 336+AF0-	1
FYN	377.5	+AFs-427, 389, 366, 407, 316, 303, 363, 413, 395, 326+AF0-	8
PMP22	377.5	+AFs-301, 459, 283, 374, 540, 381, 628, 293, 367, 452+AF0-	1
PLCG1	379	+AFs-403, 398, 365, 328, 545, 361, 310, 439, 393, 328+AF0-	2
RAC1	379.5	+AFs-399, 363, 421, 355, 354, 378, 342, 381, 433, 394+AF0-	5
NDUFS2	379.5	+AFs-351, 283, 403, 341, 369, 390, 410, 308, 407, 448+AF0-	1
PRKAR2A	380	+AFs-380, 403, 383, 380, 335, 351, 394, 342, 335, 429+AF0-	4
IL18	381	+AFs-385, 408, 443, 363, 343, 470, 372, 394, 377, 325+AF0-	6
YWHAG	384.5	+AFs-420, 365, 378, 317, 391, 433, 299, 556, 337, 406+AF0-	1
PRKAR2B	384.5	+AFs-407, 361, 370, 370, 405, 384, 370, 394, 411, 385+AF0-	4
PRKAR1B	386	+AFs-378, 379, 442, 348, 396, 393, 434, 444, 379, 344+AF0-	4
ADCY1	386	+AFs-421, 416, 421, 299, 374, 274, 319, 285, 398, 442+AF0-	2
PRKACB	386.5	+AFs-409, 365, 349, 363, 389, 405, 384, 405, 339, 454+AF0-	4
CAMK1	387.5	+AFs-326, 337, 543, 561, 391, 408, 384, 334, 326, 620+AF0-	1
GABRP	387.5	+AFs-418, 369, 295, 499, 406, 451, 447, 302, 293, 295+AF0-	2
POLR2C	388	+AFs-325, 390, 162, 178, 425, 424, 420, 203, 387, 389+AF0-	1
TIMP3	388.5	+AFs-385, 428, 313, 254, 385, 392, 329, 474, 463, 471+AF0-	2
PRKACG	390.5	+AFs-368, 410, 388, 393, 359, 368, 415, 404, 412, 359+AF0-	4
FOS	391.5	+AFs-425, 390, 391, 392, 388, 369, 510, 405, 351, 393+AF0-	13
NDUFV2	394.5	+AFs-131, 409, 184, 233, 332, 435, 438, 476, 528, 380+AF0-	1
AKAP12	394.5	+AFs-420, 391, 361, 277, 331, 436, 391, 488, 422, 398+AF0-	1
SLC6A4	396	+AFs-364, 469, 330, 315, 458, 397, 381, 511, 530, 395+AF0-	4
POLR2D	396	+AFs-489, 463, 469, 396, 158, 489, 126, 396, 209, 342+AF0-	1
CDKN2C	397	+AFs-397, 441, 370, 458, 329, 369, 447, 428, 315, 397+AF0-	1
ANGPT1	398	+AFs-433, 251, 369, 402, 394, 394, 402, 426, 436, 369+AF0-	6
ANPEP	399	+AFs-403, 450, 245, 371, 365, 425, 401, 399, 399, 337+AF0-	7
IL6ST	400	+AFs-260, 421, 306, 312, 394, 394, 486, 512, 406, 487+AF0-	3
CASP10	403	+AFs-442, 403, 326, 410, 497, 369, 353, 403, 336, 466+AF0-	2
LAMA4	403.5	+AFs-392, 354, 423, 432, 266, 368, 358, 415, 423, 429+AF0-	1
POLR2G	404.5	+AFs-150, 393, 413, 272, 472, 285, 488, 465, 539, 396+AF0-	1
SLC34A1	405	+AFs-391, 442, 372, 560, 355, 419, 376, 366, 533, 537+AF0-	4
SLC16A6	405.5	+AFs-369, 533, 414, 642, 267, 397, 483, 337, 415, 337+AF0-	1
TGFB1	405.5	+AFs-348, 405, 343, 424, 409, 372, 406, 438, 531, 369+AF0-	5
CORO1A	406	+AFs-412, 361, 380, 400, 397, 509, 386, 536, 507, 477+AF0-	1
RPS6KB1	406.5	+AFs-374, 426, 315, 469, 472, 315, 359, 550, 521, 387+AF0-	1
NDUFB8	407	+AFs-444, 312, 444, 387, 444, 92, 136, 407, 407, 434+AF0-	1
NDUFC1	408.5	+AFs-418, 412, 246, 419, 480, 405, 369, 449, 241, 176+AF0-	1
BCL2L1	409	+AFs-482, 434, 338, 354, 431, 310, 454, 362, 427, 391+AF0-	3
SHC1	411	+AFs-405, 387, 424, 427, 411, 434, 411, 401, 364, 427+AF0-	11
FGFR2	412.5	+AFs-265, 410, 452, 204, 380, 430, 415, 338, 512, 430+AF0-	3
ANG	412.5	+AFs-291, 445, 400, 360, 425, 535, 378, 762, 384, 654+AF0-	1
LSP1	413.5	+AFs-537, 437, 336, 375, 390, 611, 342, 451, 262, 516+AF0-	1
POLR2L	414.5	+AFs-274, 454, 453, 158, 496, 100, 460, 445, 384, 170+AF0-	1
HGF	416	+AFs-391, 280, 508, 307, 414, 544, 418, 405, 418, 556+AF0-	2
SLC12A3	416.5	+AFs-452, 410, 402, 383, 423, 463, 455, 475, 326, 374+AF0-	4
POLR2H	416.5	+AFs-322, 193, 552, 495, 401, 382, 432, 605, 382, 534+AF0-	1
POLR2B	420	+AFs-471, 369, 434, 362, 501, 406, 404, 619, 455, 344+AF0-	1
NDUFS3	423	+AFs-532, 443, 338, 338, 398, 422, 473, 424, 532, 230+AF0-	1
ADM	423.5	+AFs-437, 582, 333, 607, 414, 355, 389, 321, 433, 474+AF0-	2
GRB2	424	+AFs-442, 421, 428, 397, 410, 418, 439, 427, 436, 411+AF0-	15
CLTB	428	+AFs-436, 646, 592, 341, 381, 347, 470, 420, 687, 420+AF0-	1
IL8	429.5	+AFs-402, 434, 425, 365, 447, 479, 459, 398, 409, 453+AF0-	10
GUCY2F	433.5	+AFs-454, 514, 400, 397, 537, 514, 414, 453, 279, 412+AF0-	2
HCFC1	435	+AFs-455, 455, 358, 470, 393, 491, 312, 455, 415, 393+AF0-	1
POLR2E	435.5	+AFs-162, 491, 557, 494, 465, 148, 398, 443, 428, 391+AF0-	1
POLR2K	436	+AFs-429, 283, 342, 420, 443, 466, 449, 399, 466, 466+AF0-	1
POLR2F	436.5	+AFs-442, 390, 380, 134, 486, 449, 185, 490, 431, 617+AF0-	1
SDHA	438	+AFs-663, 435, 425, 507, 298, 421, 651, 441, 291, 453+AF0-	3
YES1	441.5	+AFs-416, 280, 366, 488, 382, 449, 598, 545, 457, 434+AF0-	3
SP1	442	+AFs-484, 453, 379, 591, 286, 305, 465, 431, 453, 338+AF0-	1
TPI1	442	+AFs-517, 464, 447, 436, 536, 435, 332, 431, 437, 530+AF0-	1
PTPN6	443	+AFs-419, 446, 413, 450, 412, 415, 445, 453, 441, 507+AF0-	6
CSNK2A1	444	+AFs-366, 496, 463, 346, 425, 465, 465, 372, 478, 419+AF0-	5
CHRNA4	444.5	+AFs-500, 507, 421, 398, 398, 468, 338, 408, 495, 717+AF0-	3
BUB1	446	+AFs-332, 349, 409, 524, 575, 560, 432, 460, 548, 397+AF0-	1
HK1	446.5	+AFs-524, 446, 438, 438, 440, 447, 473, 466, 402, 642+AF0-	1
IL1B	448	+AFs-403, 391, 396, 687, 463, 545, 479, 510, 433, 375+AF0-	2
AKT1	448.5	+AFs-457, 468, 459, 402, 440, 428, 421, 426, 463, 479+AF0-	7
GSTP1	450	+AFs-498, 463, 373, 506, 654, 437, 367, 376, 494, 388+AF0-	2
IGHM	450.5	+AFs-458, 512, 556, 411, 314, 411, 556, 537, 443, 369+AF0-	1
CHRNA3	451	+AFs-434, 404, 524, 404, 388, 468, 679, 596, 401, 468+AF0-	3
LDHB	451	+AFs-403, 492, 474, 512, 428, 360, 374, 414, 484, 545+AF0-	1
CSF2RB	452	+AFs-558, 430, 452, 517, 452, 398, 430, 576, 474, 420+AF0-	4
PTPN11	454	+AFs-461, 444, 532, 378, 399, 377, 486, 447, 473, 486+AF0-	4
PTEN	454.5	+AFs-450, 507, 455, 397, 345, 543, 454, 555, 408, 463+AF0-	2
KRT8	455	+AFs-287, 547, 489, 488, 564, 391, 422, 272, 539, 339+AF0-	1
GBX2	456	+AFs-456, 403, 521, 353, 389, 392, 542, 458, 468, 456+AF0-	1
RPS11	457.5	+AFs-460, 242, 473, 169, 189, 187, 455, 476, 476, 477+AF0-	1
CDC42	459	+AFs-444, 328, 423, 433, 538, 473, 455, 465, 519, 463+AF0-	2
MAPK3	459.5	+AFs-457, 444, 443, 477, 463, 453, 474, 438, 462, 497+AF0-	19
HMOX1	460	+AFs-521, 412, 485, 553, 460, 451, 434, 466, 376, 460+AF0-	2
TSC2	460	+AFs-431, 539, 439, 363, 481, 523, 277, 483, 431, 542+AF0-	1
GSTA4	460.5	+AFs-426, 569, 538, 467, 335, 420, 448, 454, 477, 471+AF0-	3
SKP2	465.5	+AFs-429, 467, 491, 438, 633, 429, 606, 491, 446, 464+AF0-	1
TREH	466	+AFs-490, 442, 363, 439, 405, 507, 438, 540, 591, 542+AF0-	1
NCL	467	+AFs-438, 515, 551, 233, 429, 506, 468, 961, 288, 466+AF0-	1
LDHA	467.5	+AFs-482, 421, 583, 403, 425, 839, 416, 453, 524, 839+AF0-	1
BIRC3	469	+AFs-580, 765, 405, 392, 469, 469, 412, 620, 443, 829+AF0-	2
PHGDH	470	+AFs-480, 554, 460, 442, 510, 488, 554, 327, 390, 339+AF0-	1
MDM2	470.5	+AFs-491, 428, 446, 347, 490, 490, 595, 531, 451, 304+AF0-	1
PBX3	472	+AFs-491, 574, 388, 528, 426, 524, 498, 408, 453, 398+AF0-	3
PIK3R3	475.5	+AFs-364, 503, 522, 424, 474, 547, 477, 511, 457, 453+AF0-	3
TP53	475.5	+AFs-363, 519, 469, 445, 532, 482, 519, 456, 415, 524+AF0-	6
GPT	475.5	+AFs-528, 327, 496, 475, 442, 454, 419, 476, 485, 803+AF0-	1
USP22	477	+AFs-465, 605, 571, 316, 385, 489, 396, 551, 459, 523+AF0-	1
PTK2B	477.5	+AFs-524, 324, 344, 474, 504, 481, 488, 459, 324, 581+AF0-	2
TNFAIP2	479	+AFs-515, 479, 485, 479, 363, 479, 446, 414, 385, 585+AF0-	5
POLR2I	480.5	+AFs-423, 476, 494, 613, 431, 507, 423, 509, 312, 485+AF0-	1
MKI67	481.5	+AFs-555, 574, 462, 455, 392, 493, 542, 380, 555, 470+AF0-	2
MAP3K7	484.5	+AFs-478, 502, 535, 557, 304, 470, 487, 470, 482, 531+AF0-	2
LDHC	485	+AFs-332, 761, 452, 771, 481, 410, 489, 824, 368, 516+AF0-	1
LCT	487	+AFs-310, 484, 504, 471, 490, 514, 588, 527, 392, 418+AF0-	1
TNFSF12	487.5	+AFs-489, 480, 500, 470, 424, 493, 493, 602, 486, 403+AF0-	5
EPAS1	488	+AFs-596, 488, 596, 488, 465, 480, 508, 464, 491, 480+AF0-	5
ALOX5AP	488	+AFs-378, 458, 572, 563, 518, 572, 552, 373, 307, 373+AF0-	1
PYGL	488	+AFs-467, 338, 540, 573, 439, 509, 439, 442, 568, 658+AF0-	1
GJA1	488.5	+AFs-530, 546, 408, 426, 465, 489, 488, 425, 523, 534+AF0-	2
PGR	490	+AFs-396, 568, 490, 379, 392, 543, 490, 423, 549, 510+AF0-	1
BAX	490	+AFs-495, 485, 458, 498, 439, 457, 540, 485, 555, 530+AF0-	4
TTR	491.5	+AFs-506, 444, 562, 465, 477, 431, 545, 641, 423, 593+AF0-	2
MMP19	492	+AFs-538, 514, 500, 453, 492, 349, 401, 518, 492, 426+AF0-	5
RNF2	493	+AFs-538, 543, 538, 402, 395, 563, 488, 453, 453, 498+AF0-	1
KHK	493.5	+AFs-604, 520, 440, 382, 470, 601, 517, 425, 432, 527+AF0-	1
NRG1	493.5	+AFs-513, 392, 397, 496, 520, 450, 297, 491, 533, 560+AF0-	5
PYGM	495	+AFs-497, 456, 431, 656, 590, 493, 643, 501, 396, 404+AF0-	1
MYO6	495	+AFs-561, 578, 541, 280, 479, 441, 484, 248, 533, 506+AF0-	1
TACC1	498	+AFs-477, 414, 495, 705, 632, 706, 501, 602, 409, 434+AF0-	1
GLRA3	498	+AFs-515, 499, 475, 619, 483, 485, 460, 530, 497, 556+AF0-	3
CCND3	500	+AFs-500, 500, 389, 613, 499, 395, 510, 413, 501, 500+AF0-	2
EPHB4	500	+AFs-578, 476, 589, 487, 432, 189, 500, 551, 500, 533+AF0-	2
RAP1B	502	+AFs-515, 563, 545, 486, 556, 504, 500, 433, 469, 443+AF0-	2
CREB1	503	+AFs-562, 504, 474, 547, 546, 505, 502, 440, 501, 481+AF0-	7
CD86	503	+AFs-544, 388, 445, 450, 394, 544, 542, 511, 507, 499+AF0-	2
SYK	504.5	+AFs-569, 465, 435, 435, 482, 565, 454, 583, 552, 527+AF0-	2
PGM1	505	+AFs-533, 477, 433, 623, 433, 549, 619, 726, 442, 364+AF0-	1
SLC17A3	505.5	+AFs-324, 466, 540, 505, 390, 533, 649, 511, 506, 338+AF0-	1
GSN	505.5	+AFs-559, 381, 381, 562, 407, 498, 513, 485, 553, 664+AF0-	1
IL5	506	+AFs-459, 497, 515, 552, 474, 482, 549, 603, 432, 515+AF0-	4
CASP8	506	+AFs-503, 520, 514, 380, 544, 495, 503, 520, 335, 509+AF0-	2
FBL	506	+AFs-746, 483, 896, 472, 573, 483, 492, 786, 408, 520+AF0-	1
RAD50	507.5	+AFs-493, 650, 362, 551, 613, 417, 571, 458, 426, 522+AF0-	1
CA2	510	+AFs-545, 489, 568, 531, 489, 392, 487, 358, 564, 555+AF0-	1
CHRNA2	512	+AFs-569, 465, 523, 604, 468, 427, 595, 399, 626, 501+AF0-	3
PTPRR	514.5	+AFs-563, 590, 525, 471, 499, 455, 443, 536, 508, 521+AF0-	3
MPI	515.5	+AFs-481, 496, 377, 657, 394, 535, 555, 472, 558, 668+AF0-	1
FGR	516.5	+AFs-472, 451, 499, 545, 521, 539, 520, 513, 535, 512+AF0-	2
PDGFA	516.5	+AFs-557, 570, 518, 493, 412, 358, 541, 515, 525, 465+AF0-	2
EP300	518	+AFs-446, 503, 366, 533, 570, 420, 500, 586, 617, 602+AF0-	4
ACHE	518	+AFs-552, 364, 553, 643, 518, 266, 501, 669, 518, 344+AF0-	1
MAP2K2	519	+AFs-628, 478, 510, 602, 543, 507, 602, 481, 528, 481+AF0-	2
IL4	520	+AFs-520, 549, 634, 505, 520, 486, 520, 513, 524, 486+AF0-	4
SLC6A7	520	+AFs-644, 347, 296, 323, 614, 339, 559, 481, 666, 644+AF0-	1
FIGF	521	+AFs-528, 558, 530, 469, 480, 514, 476, 480, 604, 550+AF0-	6
LYN	521	+AFs-496, 551, 570, 522, 502, 576, 494, 591, 511, 520+AF0-	6
STAT3	521	+AFs-595, 517, 510, 562, 503, 550, 492, 519, 557, 523+AF0-	4
DUSP4	522	+AFs-522, 522, 497, 522, 515, 558, 509, 485, 546, 522+AF0-	6
DHODH	524	+AFs-593, 605, 463, 396, 412, 477, 593, 593, 571, 473+AF0-	1
GAD2	525	+AFs-357, 475, 515, 591, 482, 535, 607, 629, 457, 535+AF0-	1
COL1A2	526.5	+AFs-541, 441, 361, 513, 540, 513, 563, 424, 541, 602+AF0-	2
DHCR7	529.5	+AFs-529, 415, 508, 620, 670, 398, 720, 636, 530, 384+AF0-	1
ACADS	530.5	+AFs-479, 555, 648, 544, 455, 517, 445, 480, 563, 555+AF0-	1
RBBP6	530.5	+AFs-476, 523, 578, 538, 656, 696, 333, 522, 622, 421+AF0-	1
MAPK8	532	+AFs-552, 490, 468, 550, 617, 433, 497, 550, 565, 514+AF0-	11
BMP4	532	+AFs-402, 335, 599, 360, 582, 637, 655, 525, 539, 501+AF0-	1
MAOA	532	+AFs-696, 536, 428, 357, 528, 551, 516, 354, 738, 765+AF0-	1
IL6	532.5	+AFs-557, 517, 532, 598, 524, 602, 509, 533, 541, 508+AF0-	6
ITGAV	533	+AFs-431, 500, 607, 495, 584, 684, 533, 533, 342, 558+AF0-	1
JAG1	534	+AFs-484, 505, 585, 574, 596, 554, 500, 608, 514, 484+AF0-	6
NFATC2	535	+AFs-533, 499, 566, 667, 546, 493, 537, 525, 526, 554+AF0-	1
DPYD	535.5	+AFs-549, 513, 614, 518, 522, 561, 561, 655, 520, 500+AF0-	1
ITGA2	538	+AFs-481, 601, 328, 530, 634, 514, 824, 497, 546, 546+AF0-	2
NFATC1	538	+AFs-472, 562, 639, 505, 528, 672, 637, 472, 500, 548+AF0-	1
AMT	539	+AFs-469, 479, 515, 653, 672, 521, 578, 557, 499, 609+AF0-	1
ACADVL	541	+AFs-584, 627, 559, 452, 590, 522, 530, 464, 552, 460+AF0-	1
ITGB1	541.5	+AFs-528, 545, 539, 609, 643, 459, 559, 527, 544, 512+AF0-	7
NRIP1	542.5	+AFs-530, 522, 558, 555, 433, 626, 310, 326, 560, 558+AF0-	1
IDH3A	544.5	+AFs-223, 354, 197, 810, 267, 669, 825, 669, 420, 816+AF0-	1
CCNA2	545	+AFs-573, 457, 530, 469, 547, 530, 543, 577, 606, 618+AF0-	3
CTH	546	+AFs-402, 579, 569, 506, 283, 595, 506, 523, 595, 640+AF0-	1
SRD5A2	546.5	+AFs-485, 640, 553, 781, 579, 638, 516, 485, 540, 462+AF0-	1
GLUD1	550.5	+AFs-585, 551, 416, 469, 590, 447, 550, 566, 547, 637+AF0-	1
ACADL	551	+AFs-423, 598, 553, 670, 442, 405, 549, 650, 586, 487+AF0-	1
ACADSB	551.5	+AFs-477, 606, 574, 581, 516, 493, 634, 545, 527, 558+AF0-	1
LCK	552	+AFs-558, 581, 526, 472, 551, 553, 557, 559, 502, 466+AF0-	7
JUN	552	+AFs-615, 543, 573, 546, 550, 554, 572, 616, 526, 540+AF0-	12
JUNB	552	+AFs-585, 726, 538, 399, 598, 532, 550, 652, 532, 554+AF0-	1
CLTA	552	+AFs-694, 626, 482, 481, 548, 678, 550, 554, 548, 725+AF0-	1
CHRNE	552.5	+AFs-604, 553, 597, 517, 552, 503, 400, 612, 552, 765+AF0-	3
CDK2	557	+AFs-608, 551, 538, 577, 497, 620, 563, 533, 550, 575+AF0-	2
CLTC	557	+AFs-729, 563, 505, 674, 550, 346, 315, 599, 588, 551+AF0-	1
VCAM1	557	+AFs-670, 503, 505, 452, 658, 540, 666, 548, 723, 566+AF0-	1
MAF	557	+AFs-575, 553, 624, 491, 530, 558, 688, 556, 548, 655+AF0-	1
CD44	557.5	+AFs-523, 546, 569, 673, 542, 404, 476, 578, 614, 777+AF0-	2
IL5RA	558	+AFs-584, 571, 361, 702, 550, 420, 566, 646, 474, 507+AF0-	2
JAK2	559	+AFs-570, 529, 522, 562, 584, 561, 541, 541, 557, 572+AF0-	9
AP2M1	559.5	+AFs-647, 469, 785, 535, 511, 550, 637, 575, 569, 469+AF0-	1
MAPK1	560.5	+AFs-549, 549, 594, 567, 556, 571, 549, 590, 565, 556+AF0-	11
HAL	562	+AFs-738, 647, 570, 400, 394, 544, 634, 486, 658, 554+AF0-	1
TNFRSF1B	563	+AFs-489, 515, 562, 484, 608, 639, 564, 486, 661, 667+AF0-	6
CPS1	564.5	+AFs-584, 661, 533, 615, 432, 584, 545, 425, 589, 544+AF0-	1
ACADM	566	+AFs-705, 747, 498, 490, 592, 548, 596, 584, 484, 477+AF0-	1
COL1A1	568	+AFs-556, 683, 644, 644, 529, 570, 644, 482, 492, 566+AF0-	2
T	568.5	+AFs-598, 622, 599, 571, 527, 544, 541, 566, 566, 613+AF0-	3
CCND2	571	+AFs-676, 581, 448, 662, 559, 561, 712, 381, 855, 479+AF0-	1
GATA3	572.5	+AFs-572, 494, 646, 568, 576, 573, 594, 607, 548, 509+AF0-	1
DNM2	576.5	+AFs-551, 534, 568, 641, 585, 641, 512, 511, 661, 641+AF0-	1
NMI	577	+AFs-525, 704, 523, 622, 562, 574, 509, 749, 580, 729+AF0-	2
TRAF2	577	+AFs-573, 633, 646, 642, 581, 569, 552, 541, 593, 527+AF0-	6
CA6	578	+AFs-504, 409, 604, 630, 543, 604, 588, 416, 582, 574+AF0-	1
SRC	578	+AFs-529, 514, 575, 585, 581, 621, 585, 671, 574, 561+AF0-	4
TGFB2	582	+AFs-582, 718, 506, 527, 568, 610, 597, 394, 582, 599+AF0-	2
IFI16	584	+AFs-503, 685, 485, 666, 562, 758, 532, 623, 576, 592+AF0-	1
FGF1	584	+AFs-584, 661, 592, 489, 582, 644, 584, 557, 557, 616+AF0-	9
MEF2A	584.5	+AFs-556, 596, 609, 604, 578, 629, 579, 578, 520, 590+AF0-	6
EIF4E	584.5	+AFs-914, 522, 408, 647, 743, 934, 388, 469, 801, 477+AF0-	1
CA8	585	+AFs-585, 591, 490, 384, 538, 591, 587, 585, 567, 602+AF0-	1
DAB2	585.5	+AFs-607, 694, 673, 781, 545, 521, 564, 549, 705, 550+AF0-	1
CHRNB3	586.5	+AFs-584, 589, 619, 706, 632, 554, 549, 702, 542, 558+AF0-	4
CA5A	587	+AFs-607, 562, 617, 598, 527, 581, 623, 517, 465, 593+AF0-	1
ESRRA	589	+AFs-521, 651, 638, 641, 648, 573, 582, 596, 516, 525+AF0-	1
ETV1	591	+AFs-498, 719, 537, 387, 590, 731, 599, 592, 630, 531+AF0-	2
MEF2C	593	+AFs-580, 511, 631, 615, 554, 569, 606, 660, 613, 539+AF0-	6
CCND1	595	+AFs-591, 662, 593, 634, 631, 597, 617, 591, 580, 578+AF0-	5
BCL10	595.5	+AFs-372, 602, 409, 778, 382, 686, 589, 778, 606, 490+AF0-	1
BCL2	596	+AFs-614, 598, 591, 594, 567, 581, 544, 606, 611, 598+AF0-	5
MAP3K1	597.5	+AFs-653, 584, 590, 599, 665, 596, 564, 606, 571, 601+AF0-	7
CLCN3	598	+AFs-651, 593, 603, 592, 523, 603, 645, 542, 593, 821+AF0-	1
ELK1	601	+AFs-575, 621, 608, 650, 553, 666, 584, 579, 594, 627+AF0-	11
CDK4	603.5	+AFs-609, 614, 500, 562, 572, 636, 619, 541, 598, 619+AF0-	3
CLTCL1	606	+AFs-511, 758, 362, 610, 470, 661, 720, 412, 602, 612+AF0-	1
FGF6	607.5	+AFs-589, 615, 606, 560, 695, 628, 568, 662, 609, 597+AF0-	7
GABRA3	610	+AFs-602, 610, 609, 788, 747, 541, 701, 595, 610, 725+AF0-	1
THRA	610.5	+AFs-592, 549, 580, 732, 505, 659, 593, 635, 731, 628+AF0-	1
FGF2	610.5	+AFs-595, 632, 682, 544, 605, 614, 587, 623, 607, 619+AF0-	9
CCNE2	610.5	+AFs-572, 482, 521, 621, 734, 720, 649, 600, 671, 519+AF0-	2
NFKB1	611.5	+AFs-524, 552, 621, 607, 615, 609, 638, 614, 552, 698+AF0-	8
MYC	614	+AFs-626, 591, 625, 670, 603, 691, 595, 581, 651, 515+AF0-	6
MT2A	614.5	+AFs-650, 494, 637, 599, 624, 565, 693, 574, 624, 605+AF0-	3
SDHC	616	+AFs-592, 640, 267, 715, 368, 660, 850, 378, 577, 680+AF0-	2
IL2RA	617	+AFs-581, 680, 623, 667, 611, 585, 562, 577, 631, 666+AF0-	2
HNF4A	617	+AFs-522, 616, 524, 712, 629, 621, 507, 554, 618, 702+AF0-	1
KDR	618	+AFs-618, 569, 661, 622, 640, 529, 588, 573, 651, 618+AF0-	3
CASP9	621	+AFs-642, 702, 780, 605, 799, 467, 527, 494, 496, 637+AF0-	1
HCRT	622	+AFs-651, 768, 579, 533, 655, 944, 570, 593, 573, 768+AF0-	1
SYT5	624	+AFs-631, 861, 654, 572, 617, 651, 651, 606, 579, 584+AF0-	1
FLT4	624.5	+AFs-834, 663, 676, 783, 602, 571, 647, 493, 592, 563+AF0-	1
CASP8AP2	626	+AFs-608, 730, 284, 489, 856, 642, 758, 551, 783, 610+AF0-	1
NFATC3	626.5	+AFs-599, 654, 516, 559, 707, 707, 444, 567, 930, 708+AF0-	1
IL10RA	627	+AFs-628, 686, 626, 561, 545, 682, 766, 559, 673, 615+AF0-	2
EPHA4	628	+AFs-710, 611, 539, 659, 600, 856, 645, 536, 816, 611+AF0-	1
GLRA1	628	+AFs-631, 671, 599, 629, 627, 559, 626, 670, 619, 642+AF0-	4
NR6A1	631.5	+AFs-629, 653, 634, 799, 693, 727, 625, 562, 609, 573+AF0-	1
CHRNB2	631.5	+AFs-786, 443, 610, 623, 659, 508, 736, 640, 659, 443+AF0-	2
GLRA2	632	+AFs-655, 620, 550, 604, 632, 632, 657, 713, 573, 638+AF0-	5
CKM	634	+AFs-364, 529, 804, 739, 480, 480, 329, 809, 914, 967+AF0-	1
TRAF3	635.5	+AFs-902, 973, 601, 571, 444, 622, 894, 650, 649, 465+AF0-	1
COL4A5	636	+AFs-703, 623, 649, 611, 595, 675, 545, 703, 694, 565+AF0-	2
AMPH	636.5	+AFs-846, 514, 617, 617, 473, 707, 683, 765, 622, 651+AF0-	1
NR2C2	636.5	+AFs-633, 630, 729, 550, 646, 708, 640, 684, 620, 541+AF0-	1
BID	637	+AFs-643, 550, 639, 740, 635, 557, 602, 684, 779, 635+AF0-	1
GSTA2	637	+AFs-780, 613, 521, 866, 688, 611, 660, 802, 614, 474+AF0-	1
APAF1	637	+AFs-640, 637, 626, 747, 630, 608, 646, 637, 477, 640+AF0-	1
CHGA	639	+AFs-663, 773, 693, 681, 589, 574, 615, 578, 407, 791+AF0-	1
TNF	639	+AFs-580, 639, 679, 659, 609, 665, 642, 639, 596, 580+AF0-	10
L1CAM	640	+AFs-643, 661, 668, 682, 625, 624, 571, 637, 525, 646+AF0-	1
NR2E3	640.5	+AFs-550, 628, 704, 664, 648, 607, 700, 633, 615, 704+AF0-	1
ITGA5	641	+AFs-456, 676, 827, 647, 635, 785, 565, 821, 463, 414+AF0-	1
SLC30A3	641.5	+AFs-571, 621, 583, 604, 664, 688, 730, 660, 672, 623+AF0-	1
BCL2A1	642	+AFs-687, 604, 606, 617, 667, 604, 670, 692, 604, 721+AF0-	2
MAP2K3	642.5	+AFs-662, 681, 579, 570, 664, 657, 618, 641, 644, 635+AF0-	3
MAGEA6	642.5	+AFs-642, 788, 703, 622, 882, 738, 469, 643, 508, 562+AF0-	1
CD34	642.5	+AFs-635, 623, 718, 662, 509, 453, 702, 650, 805, 621+AF0-	1
ITGA1	645	+AFs-647, 759, 840, 590, 620, 693, 733, 624, 362, 643+AF0-	2
MAP2K6	648.5	+AFs-608, 689, 703, 673, 689, 652, 596, 623, 645, 645+AF0-	2
IL2	648.5	+AFs-608, 747, 579, 619, 568, 678, 695, 575, 680, 764+AF0-	5
IL2RB	650.5	+AFs-666, 645, 542, 668, 649, 652, 544, 674, 604, 722+AF0-	2
CCNE1	652.5	+AFs-569, 643, 762, 653, 725, 602, 659, 672, 542, 652+AF0-	3
STAT5A	652.5	+AFs-648, 646, 694, 662, 665, 709, 618, 619, 657, 633+AF0-	8
IKBKAP	654.5	+AFs-769, 559, 820, 657, 731, 559, 584, 652, 682, 584+AF0-	1
TOP2A	655	+AFs-743, 615, 654, 743, 702, 655, 655, 567, 621, 655+AF0-	2
TCF3	656.5	+AFs-618, 630, 624, 726, 570, 722, 726, 528, 722, 683+AF0-	2
SDHD	656.5	+AFs-807, 795, 641, 658, 655, 301, 733, 736, 625, 374+AF0-	1
JAK3	657.5	+AFs-663, 659, 637, 672, 656, 646, 650, 632, 738, 671+AF0-	7
COL4A3	658.5	+AFs-579, 620, 694, 600, 567, 718, 641, 742, 692, 676+AF0-	2
FGF18	659.5	+AFs-710, 635, 625, 708, 691, 661, 697, 604, 537, 658+AF0-	3
PALM	660	+AFs-661, 626, 659, 781, 678, 928, 784, 659, 546, 588+AF0-	1
STAT5B	661	+AFs-658, 670, 664, 675, 630, 665, 649, 669, 623, 643+AF0-	8
GNAI1	666.5	+AFs-759, 761, 653, 893, 724, 680, 653, 538, 537, 587+AF0-	1
RPL18A	667.5	+AFs-661, 731, 283, 288, 432, 831, 710, 626, 674, 804+AF0-	1
DOC2A	667.5	+AFs-662, 665, 538, 630, 674, 670, 600, 808, 681, 698+AF0-	1
SYN2	668	+AFs-668, 668, 682, 692, 685, 586, 629, 582, 589, 695+AF0-	1
VAMP2	670	+AFs-672, 460, 853, 667, 814, 668, 492, 728, 617, 786+AF0-	1
COL4A6	671	+AFs-605, 734, 681, 672, 700, 656, 745, 605, 670, 597+AF0-	2
GSTA3	672.5	+AFs-685, 619, 545, 717, 611, 806, 889, 821, 660, 644+AF0-	1
CREBBP	673	+AFs-786, 652, 816, 515, 601, 751, 477, 644, 706, 694+AF0-	3
APBA1	673	+AFs-531, 611, 840, 803, 654, 755, 785, 563, 680, 666+AF0-	1
DUSP6	673.5	+AFs-678, 717, 669, 680, 668, 660, 709, 659, 697, 659+AF0-	4
SYT1	674	+AFs-667, 799, 605, 689, 759, 681, 628, 580, 815, 596+AF0-	1
RELA	674.5	+AFs-668, 663, 660, 648, 717, 648, 681, 689, 689, 743+AF0-	8
KIT	675	+AFs-716, 669, 592, 691, 699, 699, 557, 681, 422, 606+AF0-	2
FGF20	676.5	+AFs-627, 704, 741, 758, 675, 655, 725, 672, 678, 613+AF0-	4
IL7	676.5	+AFs-671, 694, 748, 711, 671, 682, 746, 671, 653, 653+AF0-	3
CRK	677	+AFs-812, 772, 812, 542, 682, 582, 672, 485, 526, 782+AF0-	1
TNFAIP3	678	+AFs-541, 728, 602, 677, 715, 749, 660, 794, 595, 679+AF0-	3
VDR	679	+AFs-729, 804, 623, 703, 737, 620, 856, 655, 596, 614+AF0-	2
VEGFC	679.5	+AFs-764, 608, 710, 739, 703, 645, 611, 649, 656, 776+AF0-	3
STAT6	682.5	+AFs-634, 885, 668, 650, 676, 689, 703, 695, 706, 457+AF0-	2
RPS6KA1	685	+AFs-699, 666, 649, 694, 673, 687, 683, 699, 656, 702+AF0-	6
COL4A4	686.5	+AFs-623, 692, 641, 695, 681, 702, 655, 716, 727, 455+AF0-	2
CES1	686.5	+AFs-587, 416, 707, 606, 560, 782, 670, 707, 703, 825+AF0-	1
KRT5	686.5	+AFs-725, 694, 592, 673, 559, 802, 776, 735, 653, 679+AF0-	2
GSTZ1	689.5	+AFs-757, 615, 612, 771, 760, 622, 776, 473, 801, 538+AF0-	1
GSTM2	690	+AFs-590, 689, 598, 850, 690, 690, 889, 842, 530, 690+AF0-	1
MDH2	690.5	+AFs-708, 665, 673, 510, 799, 789, 776, 771, 491, 253+AF0-	1
FN1	692	+AFs-677, 639, 816, 637, 570, 601, 819, 834, 845, 707+AF0-	1
SUCLG1	692.5	+AFs-814, 343, 710, 666, 617, 808, 645, 762, 771, 675+AF0-	1
GSTM4	692.5	+AFs-709, 664, 640, 664, 857, 596, 761, 774, 676, 826+AF0-	2
MAPK7	695	+AFs-713, 687, 662, 705, 747, 687, 653, 703, 719, 645+AF0-	4
CSF3	695	+AFs-691, 632, 763, 734, 630, 712, 699, 705, 680, 554+AF0-	2
SDHB	696	+AFs-735, 926, 722, 384, 670, 317, 794, 276, 649, 735+AF0-	1
ELK3	698	+AFs-730, 679, 653, 778, 717, 519, 503, 831, 661, 733+AF0-	1
FGF4	698	+AFs-629, 625, 677, 742, 757, 620, 607, 729, 719, 742+AF0-	4
GPC3	698.5	+AFs-677, 739, 741, 653, 722, 538, 556, 778, 653, 720+AF0-	1
GAS6	699	+AFs-691, 814, 707, 669, 541, 449, 652, 850, 757, 745+AF0-	1
RARB	700.5	+AFs-806, 842, 700, 661, 709, 657, 840, 701, 651, 595+AF0-	1
IL13RA1	702	+AFs-788, 708, 696, 588, 619, 737, 602, 605, 817, 811+AF0-	3
DUSP3	705	+AFs-712, 677, 710, 710, 661, 710, 700, 723, 646, 696+AF0-	4
SELL	705.5	+AFs-720, 642, 645, 779, 645, 723, 699, 712, 678, 723+AF0-	4
DUSP7	706.5	+AFs-758, 703, 704, 733, 701, 746, 709, 679, 673, 710+AF0-	5
FGF9	707	+AFs-706, 743, 708, 730, 819, 657, 744, 686, 702, 703+AF0-	4
TXNRD1	710.5	+AFs-654, 709, 585, 681, 769, 721, 712, 654, 910, 786+AF0-	1
COL4A2	711	+AFs-687, 754, 696, 761, 664, 685, 718, 808, 760, 704+AF0-	3
RAB3A	712	+AFs-781, 770, 736, 676, 556, 885, 688, 883, 623, 683+AF0-	1
CCNB1	712.5	+AFs-682, 721, 727, 746, 773, 595, 705, 720, 700, 705+AF0-	4
FGF5	714	+AFs-713, 765, 555, 744, 552, 650, 728, 679, 715, 773+AF0-	3
FGF17	715.5	+AFs-567, 770, 699, 737, 776, 748, 694, 683, 652, 732+AF0-	4
PDPK1	716.5	+AFs-479, 715, 622, 718, 750, 932, 452, 956, 682, 917+AF0-	1
MGST2	717.5	+AFs-553, 781, 646, 825, 556, 591, 711, 724, 805, 746+AF0-	1
RBP1	718	+AFs-815, 648, 660, 697, 752, 729, 744, 514, 707, 782+AF0-	1
IL2RG	718.5	+AFs-653, 690, 752, 559, 713, 729, 685, 724, 766, 726+AF0-	5
CYP1B1	720.5	+AFs-699, 794, 668, 720, 718, 721, 759, 765, 712, 739+AF0-	3
JUND	722	+AFs-582, 478, 651, 798, 708, 738, 434, 736, 816, 761+AF0-	1
IL1A	723.5	+AFs-801, 797, 772, 669, 645, 712, 847, 669, 735, 690+AF0-	6
MCM6	723.5	+AFs-854, 750, 687, 572, 864, 697, 847, 692, 697, 823+AF0-	1
HTR3A	724.5	+AFs-698, 846, 791, 709, 732, 646, 699, 791, 717, 883+AF0-	1
FGF8	725	+AFs-748, 592, 820, 762, 650, 765, 634, 754, 702, 692+AF0-	4
IL12B	725.5	+AFs-654, 633, 751, 831, 597, 741, 624, 787, 838, 710+AF0-	1
CDKN2A	726	+AFs-764, 751, 722, 720, 719, 755, 730, 832, 651, 719+AF0-	4
IL12A	726	+AFs-814, 756, 739, 601, 929, 713, 805, 647, 542, 654+AF0-	1
HSF1	726.5	+AFs-852, 719, 473, 649, 651, 739, 669, 754, 734, 759+AF0-	1
RIPK1	727	+AFs-768, 671, 731, 655, 825, 659, 750, 723, 807, 628+AF0-	6
MEF2B	727.5	+AFs-643, 611, 625, 717, 614, 856, 774, 855, 818, 738+AF0-	1
COL4A1	728	+AFs-751, 750, 698, 658, 679, 744, 734, 696, 727, 729+AF0-	3
INSR	728.5	+AFs-760, 709, 556, 748, 669, 941, 615, 594, 781, 748+AF0-	1
JAK1	729.5	+AFs-756, 746, 771, 711, 729, 731, 697, 718, 730, 710+AF0-	10
MT1X	731	+AFs-696, 720, 751, 846, 795, 598, 795, 731, 633, 731+AF0-	1
CDKN2B	732	+AFs-870, 837, 827, 577, 663, 862, 750, 714, 674, 628+AF0-	1
MAPK14	732.5	+AFs-732, 701, 710, 687, 728, 777, 758, 733, 740, 783+AF0-	13
LHX2	733	+AFs-782, 821, 438, 732, 799, 734, 545, 661, 691, 899+AF0-	1
IDH3G	736.5	+AFs-750, 751, 733, 740, 636, 655, 794, 432, 668, 792+AF0-	1
EBI3	737.5	+AFs-878, 850, 695, 765, 579, 666, 656, 764, 711, 942+AF0-	1
MAPKAPK2	738	+AFs-740, 874, 720, 738, 692, 772, 738, 650, 746, 677+AF0-	3
KIR2DS2	739.5	+AFs-845, 902, 528, 834, 642, 604, 853, 692, 787, 578+AF0-	1
FGFR3	739.5	+AFs-771, 606, 718, 790, 736, 524, 743, 753, 565, 780+AF0-	1
BAG4	741.5	+AFs-970, 936, 600, 641, 806, 607, 821, 677, 846, 612+AF0-	1
PCNA	743	+AFs-913, 587, 582, 744, 837, 722, 821, 742, 672, 896+AF0-	2
MBD1	744	+AFs-755, 544, 638, 850, 500, 850, 840, 640, 733, 934+AF0-	1
FGF23	744	+AFs-706, 815, 768, 635, 700, 756, 749, 768, 739, 706+AF0-	4
RPA3	745	+AFs-754, 499, 298, 647, 787, 695, 959, 979, 919, 736+AF0-	1
MT1H	747.5	+AFs-765, 730, 836, 794, 676, 819, 766, 695, 680, 721+AF0-	1
NRP1	748	+AFs-775, 808, 721, 671, 672, 721, 662, 775, 830, 775+AF0-	1
RPA1	748.5	+AFs-710, 717, 780, 646, 969, 957, 611, 957, 877, 710+AF0-	1
IKBKB	749	+AFs-851, 715, 773, 813, 707, 768, 650, 730, 722, 791+AF0-	6
PPP2CA	749.5	+AFs-774, 767, 772, 745, 734, 731, 754, 792, 681, 672+AF0-	6
TYK2	749.5	+AFs-750, 833, 728, 626, 749, 809, 839, 689, 776, 548+AF0-	3
VIM	750.5	+AFs-747, 760, 727, 719, 804, 759, 678, 747, 754, 834+AF0-	2
CHRNA5	751	+AFs-786, 656, 954, 670, 853, 823, 639, 576, 716, 790+AF0-	1
TNFRSF1A	751.5	+AFs-722, 626, 749, 790, 668, 777, 754, 757, 801, 668+AF0-	5
DDC	752.5	+AFs-834, 766, 644, 832, 731, 736, 735, 807, 828, 739+AF0-	2
ATF2	753.5	+AFs-693, 662, 700, 806, 782, 765, 786, 659, 742, 778+AF0-	7
IKBKG	754	+AFs-780, 701, 725, 754, 684, 758, 773, 707, 754, 777+AF0-	5
LTA	755.5	+AFs-752, 762, 700, 759, 810, 706, 759, 798, 722, 721+AF0-	2
FXYD3	756	+AFs-700, 750, 791, 721, 720, 769, 880, 768, 762, 736+AF0-	2
POLD1	757	+AFs-569, 646, 779, 863, 751, 917, 863, 485, 763, 668+AF0-	2
SLC2A4	757.5	+AFs-780, 958, 744, 534, 852, 688, 819, 716, 624, 771+AF0-	1
ITGA4	758	+AFs-753, 757, 799, 759, 703, 657, 647, 778, 860, 836+AF0-	3
CHRND	760	+AFs-747, 685, 714, 805, 787, 760, 710, 862, 760, 807+AF0-	1
MCM2	761.5	+AFs-683, 771, 601, 796, 925, 860, 752, 688, 693, 860+AF0-	1
CYR61	761.5	+AFs-733, 889, 755, 830, 764, 759, 664, 764, 868, 643+AF0-	1
PIM1	763	+AFs-821, 860, 760, 798, 594, 707, 907, 729, 766, 702+AF0-	2
TRADD	763.5	+AFs-774, 668, 769, 819, 775, 673, 804, 690, 682, 758+AF0-	5
PPP2CB	763.5	+AFs-801, 806, 765, 762, 743, 784, 686, 757, 762, 766+AF0-	6
PPP2R5D	763.5	+AFs-757, 757, 684, 661, 789, 770, 770, 795, 817, 749+AF0-	6
HDC	765.5	+AFs-794, 769, 755, 702, 825, 794, 749, 734, 794, 762+AF0-	2
AHSG	766	+AFs-685, 883, 914, 677, 690, 838, 724, 930, 664, 808+AF0-	1
TYMS	767.5	+AFs-624, 863, 758, 777, 596, 753, 804, 758, 786, 928+AF0-	1
PPP2R1A	767.5	+AFs-779, 774, 749, 758, 774, 775, 761, 718, 755, 791+AF0-	6
FADD	769.5	+AFs-824, 875, 835, 766, 761, 764, 747, 773, 816, 697+AF0-	5
POLE	770	+AFs-737, 931, 709, 803, 704, 506, 728, 914, 965, 898+AF0-	1
HIF1A	774.5	+AFs-766, 839, 796, 816, 783, 739, 714, 648, 518, 839+AF0-	1
IDH3B	776	+AFs-776, 855, 699, 633, 927, 754, 725, 821, 776, 937+AF0-	1
SERPINF1	778	+AFs-793, 660, 900, 687, 880, 778, 805, 762, 778, 746+AF0-	1
IL4R	778	+AFs-768, 746, 671, 856, 869, 757, 788, 879, 804, 743+AF0-	4
ITGAL	779	+AFs-770, 824, 763, 868, 852, 729, 748, 788, 824, 731+AF0-	3
INS	780	+AFs-592, 616, 676, 825, 616, 797, 933, 892, 766, 794+AF0-	1
ITGB2	781	+AFs-700, 750, 724, 906, 848, 792, 770, 659, 794, 842+AF0-	3
PPP2R1B	784.5	+AFs-782, 682, 812, 759, 787, 793, 781, 812, 803, 668+AF0-	6
CCNC	785	+AFs-778, 786, 921, 818, 677, 909, 890, 740, 752, 784+AF0-	1
ACTA1	785.5	+AFs-736, 812, 800, 812, 728, 791, 712, 725, 780, 805+AF0-	2
RFC5	786.5	+AFs-788, 781, 563, 808, 682, 563, 906, 892, 785, 808+AF0-	1
RFC3	787	+AFs-753, 724, 737, 972, 739, 821, 956, 850, 562, 955+AF0-	1
CHUK	787.5	+AFs-781, 785, 790, 826, 795, 740, 794, 737, 781, 792+AF0-	6
BAK1	788.5	+AFs-824, 817, 825, 892, 694, 798, 779, 760, 694, 758+AF0-	2
MASP1	791.5	+AFs-832, 760, 888, 786, 865, 842, 645, 797, 714, 707+AF0-	1
POLE2	791.5	+AFs-785, 962, 798, 977, 926, 717, 743, 734, 962, 743+AF0-	1
MET	792	+AFs-704, 796, 808, 563, 715, 808, 854, 854, 788, 647+AF0-	1
GSTM5	792	+AFs-846, 774, 630, 876, 788, 796, 669, 668, 821, 911+AF0-	2
SFRP4	792.5	+AFs-883, 698, 844, 793, 792, 711, 717, 577, 835, 843+AF0-	1
MAPK11	794.5	+AFs-814, 744, 807, 785, 733, 772, 804, 808, 768, 810+AF0-	7
JAG2	794.5	+AFs-663, 852, 692, 692, 589, 810, 779, 901, 815, 873+AF0-	1
SELP	795	+AFs-834, 794, 821, 796, 816, 749, 780, 733, 787, 797+AF0-	3
RPA2	795.5	+AFs-805, 661, 786, 556, 834, 729, 932, 873, 758, 897+AF0-	2
STAT2	798.5	+AFs-819, 761, 838, 740, 946, 819, 605, 738, 778, 858+AF0-	1
IFNG	799.5	+AFs-735, 804, 774, 820, 821, 795, 770, 905, 820, 793+AF0-	3
CLCNKA	800	+AFs-779, 771, 702, 907, 651, 835, 855, 823, 805, 795+AF0-	2
SFRP5	801	+AFs-499, 664, 709, 866, 775, 827, 898, 923, 582, 911+AF0-	1
SERPINI2	801	+AFs-924, 816, 805, 719, 797, 694, 647, 943, 880, 756+AF0-	1
SDCBP	802	+AFs-632, 914, 822, 667, 782, 840, 723, 902, 671, 824+AF0-	1
BMP5	802	+AFs-606, 876, 831, 611, 890, 862, 831, 773, 666, 702+AF0-	1
CHRNA6	802	+AFs-835, 706, 715, 761, 943, 819, 971, 940, 785, 748+AF0-	1
FGFR4	802.5	+AFs-898, 800, 823, 805, 966, 698, 786, 775, 809, 712+AF0-	1
STAT4	802.5	+AFs-808, 807, 668, 798, 830, 774, 740, 807, 866, 798+AF0-	3
SLC12A2	802.5	+AFs-843, 724, 788, 709, 859, 817, 817, 707, 847, 660+AF0-	2
FEN1	803	+AFs-717, 927, 746, 781, 814, 863, 792, 956, 756, 829+AF0-	1
CTSE	804	+AFs-776, 821, 915, 804, 635, 891, 820, 804, 660, 798+AF0-	1
MFNG	805.5	+AFs-625, 680, 803, 836, 807, 773, 804, 814, 846, 919+AF0-	1
PECAM1	805.5	+AFs-852, 853, 769, 685, 834, 834, 821, 758, 790, 774+AF0-	5
TP73	809	+AFs-757, 747, 808, 815, 904, 614, 875, 777, 810, 837+AF0-	2
GABRG2	810	+AFs-838, 779, 799, 827, 843, 832, 809, 721, 809, 811+AF0-	3
GABRA6	810	+AFs-819, 811, 773, 746, 810, 830, 811, 778, 810, 810+AF0-	3
POLA2	810.5	+AFs-801, 892, 820, 758, 801, 823, 843, 861, 684, 585+AF0-	1
SLC26A3	811.5	+AFs-830, 881, 889, 766, 793, 724, 766, 830, 673, 837+AF0-	2
GLRB	812.5	+AFs-801, 811, 847, 814, 761, 836, 836, 831, 751, 802+AF0-	3
E2F2	814.5	+AFs-862, 890, 614, 706, 823, 675, 806, 856, 688, 933+AF0-	1
CLIC2	814.5	+AFs-798, 699, 831, 902, 798, 844, 883, 705, 888, 798+AF0-	2
ICAM1	815	+AFs-858, 839, 820, 810, 777, 864, 789, 848, 774, 789+AF0-	3
WT1	816	+AFs-647, 984, 670, 654, 788, 851, 866, 870, 767, 844+AF0-	1
IL7R	818.5	+AFs-804, 823, 800, 814, 795, 854, 835, 837, 813, 841+AF0-	2
PRB1	819	+AFs-816, 822, 881, 789, 813, 670, 779, 883, 871, 925+AF0-	1
RFC2	822	+AFs-714, 812, 734, 942, 830, 830, 992, 902, 532, 814+AF0-	1
RPS6KA2	824.5	+AFs-814, 783, 827, 802, 881, 880, 865, 822, 867, 784+AF0-	3
RFC4	825	+AFs-863, 761, 860, 745, 794, 796, 956, 917, 854, 789+AF0-	2
GABRA2	826	+AFs-849, 805, 791, 803, 847, 847, 800, 837, 832, 820+AF0-	3
CTLA4	826.5	+AFs-887, 819, 990, 755, 290, 969, 815, 834, 815, 856+AF0-	1
CD47	826.5	+AFs-866, 838, 903, 781, 815, 694, 849, 892, 687, 797+AF0-	1
TANK	827	+AFs-822, 786, 850, 869, 822, 822, 841, 814, 855, 832+AF0-	3
NFKBIA	828.5	+AFs-843, 813, 763, 831, 840, 896, 792, 876, 787, 826+AF0-	5
BLVRA	831	+AFs-740, 821, 930, 766, 948, 857, 909, 801, 821, 841+AF0-	1
IL13	833	+AFs-870, 704, 876, 860, 651, 825, 739, 841, 846, 731+AF0-	3
MAP3K14	833	+AFs-890, 870, 832, 838, 834, 838, 823, 806, 813, 780+AF0-	3
RPS6KA5	835	+AFs-866, 835, 804, 827, 827, 863, 856, 881, 835, 811+AF0-	3
CHRNA1	835	+AFs-873, 713, 750, 855, 833, 861, 919, 837, 713, 786+AF0-	1
TFRC	835.5	+AFs-807, 841, 836, 753, 901, 817, 814, 871, 858, 835+AF0-	2
CASP2	836.5	+AFs-825, 775, 917, 838, 902, 872, 841, 768, 835, 814+AF0-	1
TUFT1	839	+AFs-623, 841, 867, 673, 857, 841, 837, 881, 696, 833+AF0-	1
AKT2	839.5	+AFs-388, 857, 515, 844, 857, 596, 918, 563, 835, 933+AF0-	1
COL2A1	842	+AFs-862, 622, 867, 830, 826, 772, 550, 914, 854, 873+AF0-	1
DDIT3	842.5	+AFs-816, 833, 866, 852, 811, 820, 912, 798, 950, 865+AF0-	1
RPS6KA3	843	+AFs-884, 836, 822, 869, 828, 862, 847, 828, 839, 864+AF0-	3
POLD4	843.5	+AFs-611, 932, 905, 688, 620, 637, 853, 910, 968, 834+AF0-	1
MAP3K5	845	+AFs-774, 873, 856, 953, 786, 730, 920, 862, 834, 827+AF0-	1
GLG1	845.5	+AFs-843, 649, 899, 917, 658, 830, 646, 848, 882, 964+AF0-	1
CTSB	846	+AFs-945, 706, 937, 802, 722, 892, 923, 741, 890, 738+AF0-	1
IL10	846	+AFs-841, 811, 754, 933, 802, 851, 907, 659, 862, 874+AF0-	1
ITGAM	848	+AFs-947, 813, 845, 907, 799, 851, 859, 845, 954, 830+AF0-	2
COL5A1	848	+AFs-914, 868, 720, 814, 828, 624, 934, 882, 896, 702+AF0-	1
C8A	849.5	+AFs-737, 825, 913, 802, 874, 913, 915, 789, 816, 926+AF0-	1
CCNA1	851.5	+AFs-805, 857, 861, 864, 757, 932, 849, 748, 808, 854+AF0-	1
CHRNG	852.5	+AFs-957, 831, 935, 804, 845, 735, 906, 929, 819, 860+AF0-	1
HTR2A	854	+AFs-858, 866, 968, 960, 850, 743, 829, 896, 797, 850+AF0-	1
FGF19	855	+AFs-872, 838, 617, 876, 966, 769, 938, 765, 835, 910+AF0-	1
BLVRB	855.5	+AFs-839, 909, 788, 798, 872, 906, 780, 964, 772, 908+AF0-	1
E2F1	856	+AFs-875, 761, 751, 851, 879, 890, 820, 832, 861, 897+AF0-	1
PPP2R5E	857.5	+AFs-854, 894, 646, 965, 861, 651, 613, 989, 948, 836+AF0-	2
CISH	858	+AFs-854, 743, 919, 853, 840, 950, 797, 905, 894, 862+AF0-	2
WASL	859	+AFs-843, 963, 969, 875, 881, 821, 782, 890, 803, 827+AF0-	1
PPP2R5B	860.5	+AFs-880, 647, 841, 919, 914, 919, 621, 869, 816, 852+AF0-	2
PHEX	862	+AFs-818, 736, 870, 944, 870, 684, 936, 757, 854, 927+AF0-	1
GABRB2	862.5	+AFs-873, 857, 922, 839, 811, 868, 894, 663, 921, 779+AF0-	1
TRAF6	864	+AFs-789, 813, 906, 849, 947, 802, 861, 927, 887, 867+AF0-	2
CASP3	864	+AFs-800, 903, 902, 867, 903, 700, 834, 861, 841, 931+AF0-	1
SELE	864.5	+AFs-932, 799, 790, 719, 946, 920, 839, 890, 891, 839+AF0-	1
GABRB1	865	+AFs-948, 871, 860, 852, 735, 792, 825, 871, 931, 870+AF0-	1
ATF1	868	+AFs-871, 846, 743, 807, 847, 950, 865, 936, 916, 892+AF0-	3
PTPRU	868.5	+AFs-854, 870, 845, 962, 984, 915, 791, 867, 852, 915+AF0-	1
TGFB3	868.5	+AFs-859, 886, 872, 900, 924, 886, 865, 844, 819, 857+AF0-	2
GABRB3	870	+AFs-935, 843, 765, 895, 882, 930, 920, 749, 858, 841+AF0-	1
AKT3	870	+AFs-918, 890, 952, 984, 890, 556, 741, 850, 750, 713+AF0-	1
XRCC5	870	+AFs-784, 807, 653, 924, 847, 893, 826, 924, 901, 903+AF0-	1
MASP2	870.5	+AFs-922, 811, 876, 850, 975, 975, 923, 865, 811, 720+AF0-	1
ZYX	871	+AFs-830, 849, 781, 967, 774, 948, 980, 893, 721, 920+AF0-	1
MAPK9	872	+AFs-870, 819, 874, 836, 885, 903, 765, 874, 884, 857+AF0-	2
GABRD	872	+AFs-823, 941, 872, 830, 882, 801, 600, 961, 881, 872+AF0-	1
USP8	872.5	+AFs-795, 838, 953, 759, 632, 976, 806, 951, 907, 979+AF0-	1
POLD2	873	+AFs-810, 950, 987, 900, 880, 511, 744, 885, 866, 810+AF0-	1
CTSH	875	+AFs-739, 833, 988, 954, 633, 921, 687, 914, 887, 863+AF0-	1
CHRNB4	877	+AFs-917, 884, 870, 978, 787, 937, 702, 884, 458, 822+AF0-	1
C4B	877.5	+AFs-958, 844, 898, 867, 878, 880, 797, 784, 882, 877+AF0-	1
MAPK10	878	+AFs-883, 906, 834, 873, 897, 896, 873, 821, 829, 883+AF0-	2
GABRA5	878.5	+AFs-894, 870, 891, 876, 872, 858, 872, 881, 881, 903+AF0-	2
KRT4	879.5	+AFs-976, 839, 695, 773, 911, 969, 848, 930, 828, 952+AF0-	1
COL6A1	880	+AFs-843, 877, 629, 883, 947, 859, 935, 968, 688, 883+AF0-	1
PSEN2	880	+AFs-990, 842, 580, 955, 668, 912, 991, 990, 848, 771+AF0-	1
ARPC1A	882	+AFs-891, 781, 901, 889, 800, 913, 875, 895, 823, 632+AF0-	1
PPP2R5C	882.5	+AFs-945, 893, 928, 625, 856, 872, 924, 941, 690, 754+AF0-	2
PSEN1	883	+AFs-862, 837, 967, 968, 835, 904, 773, 967, 972, 828+AF0-	1
C7	885	+AFs-869, 837, 901, 915, 723, 958, 834, 835, 904, 969+AF0-	1
CDC37	885	+AFs-986, 947, 864, 915, 837, 780, 906, 941, 847, 864+AF0-	1
TAB1	885.5	+AFs-917, 852, 953, 829, 866, 914, 903, 928, 866, 868+AF0-	1
NR2F1	888	+AFs-714, 979, 903, 916, 949, 953, 853, 865, 830, 873+AF0-	1
FGFR1	888.5	+AFs-932, 849, 902, 745, 907, 912, 727, 848, 906, 875+AF0-	1
HDAC3	888.5	+AFs-974, 865, 912, 920, 666, 940, 787, 991, 598, 552+AF0-	1
PAWR	890	+AFs-839, 862, 872, 929, 850, 973, 970, 908, 928, 760+AF0-	1
ADAMTS7	890	+AFs-808, 947, 834, 954, 709, 891, 889, 961, 748, 918+AF0-	1
PIAS3	890.5	+AFs-872, 886, 978, 944, 788, 807, 895, 950, 822, 952+AF0-	1
CRADD	890.5	+AFs-879, 633, 902, 869, 875, 927, 920, 982, 980, 842+AF0-	1
COL16A1	891.5	+AFs-971, 869, 873, 910, 936, 963, 835, 838, 866, 919+AF0-	1
ACTR3	892	+AFs-893, 984, 892, 901, 892, 872, 824, 816, 957, 851+AF0-	1
PLA2G4A	893.5	+AFs-952, 967, 910, 877, 717, 816, 867, 975, 709, 987+AF0-	1
ARPC4	893.5	+AFs-910, 895, 895, 781, 782, 875, 885, 978, 939, 892+AF0-	1
WASF1	893.5	+AFs-880, 880, 956, 888, 927, 894, 883, 893, 894, 909+AF0-	1
TNFRSF9	893.5	+AFs-842, 857, 717, 944, 828, 930, 971, 945, 842, 976+AF0-	1
IL10RB	894	+AFs-895, 757, 893, 587, 910, 820, 898, 908, 931, 888+AF0-	1
PPP2R5A	894	+AFs-859, 882, 675, 720, 915, 887, 929, 947, 901, 905+AF0-	2
ARPC2	896	+AFs-949, 902, 871, 908, 947, 890, 951, 880, 880, 883+AF0-	1
ARPC1B	896	+AFs-896, 969, 896, 891, 988, 871, 934, 933, 844, 786+AF0-	1
E2F4	896	+AFs-620, 820, 898, 899, 810, 894, 905, 910, 910, 820+AF0-	1
MBL2	898	+AFs-836, 756, 815, 934, 934, 893, 934, 903, 966, 859+AF0-	1
SEMA3B	898.5	+AFs-716, 899, 898, 735, 922, 970, 966, 854, 853, 928+AF0-	1
XRCC4	899	+AFs-949, 935, 908, 866, 925, 782, 989, 890, 840, 840+AF0-	1
ACTR2	900	+AFs-961, 890, 936, 694, 801, 982, 937, 888, 901, 899+AF0-	1
IL13RA2	901	+AFs-796, 986, 977, 982, 992, 795, 868, 792, 869, 933+AF0-	2
VDAC1	901.5	+AFs-942, 962, 982, 992, 898, 850, 905, 857, 879, 856+AF0-	1
CDK9	902	+AFs-902, 902, 902, 860, 721, 902, 949, 883, 964, 854+AF0-	1
GABRA1	902	+AFs-888, 896, 947, 841, 910, 908, 849, 856, 931, 984+AF0-	1
FRZB	902	+AFs-862, 991, 884, 891, 913, 968, 781, 875, 964, 991+AF0-	1
C6	903	+AFs-941, 904, 956, 902, 772, 787, 722, 917, 773, 987+AF0-	1
C5	903.5	+AFs-897, 904, 843, 935, 850, 908, 903, 835, 914, 931+AF0-	2
MAP4K2	903.5	+AFs-921, 915, 881, 906, 921, 855, 870, 901, 936, 876+AF0-	1
SELPLG	904	+AFs-840, 967, 903, 924, 885, 887, 905, 935, 791, 940+AF0-	1
PPP1CB	906	+AFs-956, 824, 936, 767, 915, 970, 897, 816, 923, 842+AF0-	1
C9	907.5	+AFs-983, 908, 907, 958, 948, 679, 878, 858, 928, 874+AF0-	1
REG1A	908	+AFs-832, 937, 568, 828, 799, 915, 966, 943, 901, 971+AF0-	1
NR3C1	908.5	+AFs-888, 927, 668, 715, 948, 911, 906, 935, 967, 647+AF0-	1
ARPC5	908.5	+AFs-898, 957, 962, 897, 717, 896, 936, 985, 901, 916+AF0-	1
HMGCS1	908.5	+AFs-697, 912, 968, 905, 992, 989, 981, 884, 806, 869+AF0-	1
NEO1	909	+AFs-906, 912, 868, 981, 594, 895, 992, 973, 885, 928+AF0-	1
COL8A1	910	+AFs-889, 916, 885, 905, 926, 915, 924, 939, 900, 896+AF0-	2
C3	910.5	+AFs-916, 916, 778, 902, 935, 905, 945, 918, 818, 905+AF0-	1
TLR4	911.5	+AFs-928, 958, 882, 633, 907, 865, 916, 961, 894, 967+AF0-	1
MAP4K5	911.5	+AFs-850, 853, 775, 982, 941, 940, 865, 902, 933, 921+AF0-	1
C2	912.5	+AFs-942, 925, 900, 896, 963, 950, 872, 697, 851, 978+AF0-	1
RAB5A	913	+AFs-917, 909, 808, 930, 752, 930, 952, 941, 855, 756+AF0-	1
NR4A1	913.5	+AFs-852, 954, 915, 826, 912, 928, 840, 928, 945, 861+AF0-	1
CDK5	913.5	+AFs-932, 986, 844, 927, 877, 837, 985, 922, 905, 764+AF0-	1
RXRB	914	+AFs-964, 892, 965, 946, 896, 932, 829, 960, 853, 847+AF0-	1
CD59	914	+AFs-980, 935, 902, 900, 887, 907, 747, 953, 922, 921+AF0-	1
PAH	914.5	+AFs-977, 855, 899, 930, 849, 951, 802, 986, 944, 886+AF0-	1
ARPC3	915	+AFs-983, 889, 936, 972, 849, 929, 881, 806, 963, 901+AF0-	1
POLD3	915.5	+AFs-961, 954, 925, 948, 722, 733, 535, 985, 675, 906+AF0-	1
WNT2	916.5	+AFs-945, 897, 909, 891, 957, 789, 957, 980, 915, 918+AF0-	1
ACTB	917	+AFs-865, 906, 985, 943, 860, 938, 938, 853, 928, 805+AF0-	1
C4A	917	+AFs-976, 923, 951, 911, 795, 858, 707, 976, 935, 819+AF0-	1
SLC23A2	918	+AFs-913, 945, 959, 973, 899, 913, 794, 923, 867, 948+AF0-	1
HFE	919	+AFs-929, 891, 975, 897, 955, 941, 903, 964, 892, 909+AF0-	1
LRP8	920	+AFs-982, 844, 962, 926, 914, 910, 976, 788, 955, 877+AF0-	1
LTF	920.5	+AFs-894, 921, 920, 918, 925, 968, 978, 930, 899, 821+AF0-	1
UCHL1	923.5	+AFs-840, 988, 988, 980, 923, 962, 907, 924, 922, 865+AF0-	1
CP	923.5	+AFs-926, 984, 976, 926, 901, 902, 980, 901, 888, 921+AF0-	1
EDN2	926	+AFs-926, 967, 926, 900, 840, 818, 877, 934, 946, 981+AF0-	1
TF	926.5	+AFs-964, 942, 923, 929, 967, 924, 978, 904, 904, 906+AF0-	1
CD9	927	+AFs-894, 920, 738, 950, 870, 986, 934, 982, 967, 886+AF0-	1
CYP26A1	929	+AFs-984, 919, 968, 939, 987, 901, 895, 887, 956, 905+AF0-	1
TXN	929.5	+AFs-901, 957, 923, 936, 981, 901, 936, 839, 963, 809+AF0-	1
CDH10	932.5	+AFs-955, 918, 947, 912, 973, 912, 893, 983, 973, 899+AF0-	1
PGF	932.5	+AFs-939, 731, 793, 986, 899, 926, 986, 935, 932, 933+AF0-	1
LTB	933.5	+AFs-982, 926, 968, 941, 954, 981, 842, 901, 907, 690+AF0-	1
PCDH9	935	+AFs-837, 989, 937, 956, 952, 860, 863, 971, 933, 910+AF0-	1
SLC2A3	936	+AFs-988, 879, 988, 918, 890, 933, 898, 939, 988, 979+AF0-	1
BRD2	939	+AFs-898, 962, 932, 986, 896, 986, 974, 945, 933, 773+AF0-	1
HTR7	940	+AFs-952, 825, 959, 766, 887, 721, 958, 968, 929, 951+AF0-	1
SRI	941.5	+AFs-898, 957, 979, 910, 969, 926, 986, 885, 962, 917+AF0-	1
DSP	943	+AFs-945, 988, 971, 945, 938, 930, 893, 955, 941, 900+AF0-	1
HPX	943	+AFs-907, 947, 992, 850, 982, 941, 945, 906, 932, 963+AF0-	1
P4HB	945	+AFs-945, 945, 877, 974, 981, 899, 984, 899, 976, 897+AF0-	1
MCL1	946	+AFs-871, 918, 967, 974, 952, 965, 940, 892, 959, 929+AF0-	1
ABL1	946.5	+AFs-969, 938, 916, 813, 961, 842, 938, 955, 963, 983+AF0-	1
MYD88	946.5	+AFs-956, 978, 991, 932, 937, 861, 860, 991, 991, 847+AF0-	1
FTH1	947	+AFs-922, 954, 950, 767, 922, 900, 967, 944, 954, 963+AF0-	1
PAPPA	948	+AFs-931, 940, 963, 914, 914, 918, 957, 977, 956, 968+AF0-	1
PIN1	948	+AFs-940, 856, 942, 974, 992, 974, 954, 969, 940, 895+AF0-	1
IGFBP4	949	+AFs-904, 971, 970, 920, 888, 941, 954, 967, 944, 965+AF0-	1
KRT6A	949	+AFs-769, 974, 949, 955, 760, 843, 960, 949, 904, 955+AF0-	1
HESX1	949.5	+AFs-976, 975, 819, 926, 985, 879, 872, 977, 906, 973+AF0-	1
HBB	950	+AFs-818, 931, 983, 981, 910, 983, 972, 912, 969, 906+AF0-	1
CAST	951	+AFs-955, 991, 959, 967, 898, 958, 947, 910, 932, 936+AF0-	1
GADD45A	951.5	+AFs-959, 961, 961, 981, 944, 774, 805, 961, 740, 909+AF0-	1
PPP1CA	951.5	+AFs-984, 894, 954, 949, 854, 977, 957, 979, 691, 933+AF0-	1
GMFB	954	+AFs-954, 985, 861, 968, 964, 907, 946, 988, 954, 891+AF0-	1
TCF12	955	+AFs-962, 703, 798, 930, 986, 964, 794, 966, 972, 948+AF0-	1
S100B	956	+AFs-963, 973, 895, 964, 979, 891, 815, 930, 949, 980+AF0-	1
NIT1	956	+AFs-989, 952, 930, 982, 822, 960, 967, 927, 969, 922+AF0-	1
CLC	957	+AFs-926, 985, 966, 969, 992, 977, 945, 908, 860, 948+AF0-	1
APOB	957.5	+AFs-961, 954, 964, 952, 929, 929, 974, 970, 980, 954+AF0-	1
LPIN1	960	+AFs-811, 750, 929, 972, 977, 790, 989, 953, 967, 978+AF0-	1
RGS2	961.5	+AFs-990, 953, 927, 987, 961, 983, 953, 962, 967, 811+AF0-	1
SP3	962.5	+AFs-951, 981, 984, 983, 885, 934, 811, 988, 974, 765+AF0-	1
IRAK1	962.5	+AFs-895, 965, 955, 964, 961, 936, 918, 964, 990, 990+AF0-	1
IL1R1	963	+AFs-962, 975, 946, 958, 848, 992, 950, 972, 988, 964+AF0-	1
SLC23A1	970	+AFs-991, 977, 976, 964, 968, 986, 972, 940, 884, 841+AF0-	1
PURA	971	+AFs-817, 973, 922, 963, 985, 976, 985, 969, 991, 930+AF0-	1
PLXNC1	972	+AFs-888, 975, 912, 984, 972, 978, 890, 972, 983, 888+AF0-	1
SLC2A1	975.5	+AFs-977, 984, 883, 971, 985, 977, 974, 990, 884, 971+AF0-	1
			
			
Genes	Median Rank	All Ranks	Pop
